-0.034602 -0.003175
-0.046899 0.008554
-0.044883 0.032780
-0.029613 0.050682
-0.034123 0.036590
-0.048542 0.010674
-0.052310 0.013603
-0.037205 0.031995
-0.015416 0.015479
-0.019338 0.016117
-0.027193 0.020174
-0.032757 0.022932
-0.039313 0.028631
-0.039975 0.030592
-0.034754 0.031596
-0.032003 0.037172
-0.040514 0.041799
-0.032989 0.038722
-0.019387 0.027244
-0.009877 0.018285
-0.010177 0.012311
-0.020318 0.016276
-0.034718 0.023251
-0.042567 0.025917
-0.039448 0.022167
-0.045490 0.022223
-0.058412 0.027568
-0.063321 0.029756
-0.056323 0.035104
-0.037223 0.036167
-0.014680 0.033891
-0.014828 0.030209
-0.090692 0.016139
-0.060992 0.020111
-0.050759 0.032346
-0.070716 0.040688
-0.047193 0.038252
0.003953 0.029471
-0.013443 0.012379
-0.077108 0.008833
-0.057701 0.051543
0.034164 0.103318
0.055132 0.087863
-0.023229 0.009800
-0.084505 -0.017298
-0.070183 0.030872
-0.057401 0.057517
-0.072953 0.029469
-0.058352 0.013659
-0.060466 0.011686
-0.064730 0.016086
-0.061813 0.021171
-0.054338 0.029222
-0.035281 0.040021
-0.013424 0.045269
-0.007401 0.049386
-0.040913 0.021015
-0.036023 0.023000
-0.040986 0.037706
-0.040526 0.044581
-0.039693 0.040739
-0.039632 0.026830
-0.042347 0.012909
-0.040833 0.002934
-0.026023 0.013961
-0.030441 0.016069
-0.038946 0.019306
-0.051029 0.019418
-0.063112 0.019529
-0.077169 0.022742
-0.083701 0.022878
-0.087628 0.024906
-0.074791 0.039034
-0.068271 0.041680
-0.058951 0.038774
-0.051102 0.036108
-0.045857 0.031549
-0.046494 0.027946
-0.050392 0.023020
-0.055441 0.020135
-0.075686 0.019721
-0.070637 0.022606
-0.062310 0.022642
-0.072781 0.027588
-0.086660 0.027529
-0.080306 0.030665
-0.058590 0.030840
-0.034448 0.036179
-0.015483 0.030779
-0.013198 0.030870
-0.002548 0.022653
-0.009791 0.035876
-0.014925 0.052463
-0.014600 0.052873
-0.016659 0.038383
-0.022640 0.024530
-0.022027 0.033696
-0.013749 0.044859
-0.011188 0.019425
-0.018357 0.015958
-0.026213 0.020015
-0.033394 0.019330
-0.038308 0.022908
-0.035391 0.027994
-0.030833 0.030959
-0.027897 0.031871
-0.033161 0.040603
-0.027432 0.037355
-0.015465 0.026606
-0.008082 0.018456
-0.013786 0.016141
-0.025710 0.017153
-0.038958 0.022087
-0.047475 0.028105
-0.038339 0.029863
-0.042904 0.028289
-0.050716 0.022610
-0.052346 0.021948
-0.044534 0.027627
-0.027095 0.034984
-0.004600 0.043834
0.002734 0.046811
-0.032132 0.029317
-0.033106 0.028085
-0.036880 0.032405
-0.038535 0.037307
-0.025814 0.040798
-0.005403 0.040722
-0.019607 0.040252
-0.052910 0.038718
-0.026341 0.049223
0.039905 0.097288
0.042705 0.091737
-0.044865 0.028608
-0.105656 0.002820
-0.086200 0.034403
-0.058014 0.048351
-0.060177 0.020442
-0.056568 0.016612
-0.061140 0.016429
-0.064730 0.016086
-0.064914 0.020749
-0.056298 0.029540
-0.038381 0.039599
-0.021279 0.049327
-0.014092 0.048621
-0.040906 0.019625
-0.046789 0.020581
-0.047652 0.031377
-0.047842 0.037431
-0.046690 0.035391
-0.044362 0.025746
-0.042199 0.016592
-0.040864 0.009889
-0.025392 0.018955
-0.027028 0.019684
-0.035680 0.019238
-0.045478 0.019441
-0.058063 0.022415
-0.070637 0.022606
-0.077169 0.022742
-0.079301 0.024942
-0.066439 0.033506
-0.061709 0.034590
-0.055342 0.034944
-0.047168 0.032689
-0.045857 0.031549
-0.047475 0.028105
-0.055312 0.027990
-0.059718 0.027317
-0.068682 0.023678
-0.056758 0.022666
-0.049760 0.028014
-0.060373 0.027887
-0.072144 0.031191
-0.068388 0.031043
-0.047021 0.036371
-0.026935 0.035884
-0.022689 0.035657
-0.023185 0.037128
0.004510 0.014092
0.001809 0.034453
-0.009803 0.038658
-0.028658 0.019023
-0.030870 0.002240
-0.021746 0.006780
-0.014135 0.021294
-0.015477 0.029388
-0.012328 0.018683
-0.018357 0.015958
-0.023437 0.020027
-0.031109 0.019421
-0.032757 0.022932
-0.029166 0.023275
-0.025747 0.025499
-0.023149 0.028782
-0.022536 0.037949
-0.019913 0.035669
-0.012364 0.027029
-0.008749 0.021808
-0.016415 0.019811
-0.031433 0.019011
-0.044675 0.022554
-0.054338 0.029222
-0.039362 0.039758
-0.040465 0.030672
-0.041072 0.020115
-0.037451 0.013503
-0.027022 0.018293
-0.011261 0.036115
0.006105 0.060162
0.021724 0.072911
0.035676 0.056280
-0.001004 0.042786
-0.025287 0.032373
-0.012842 0.024327
-0.006660 0.029344
-0.023363 0.040400
-0.034049 0.056963
-0.027051 0.062311
-0.002811 0.045397
0.035867 0.087289
0.022601 0.096396
-0.052021 0.059422
-0.108890 0.032997
-0.097168 0.040820
-0.068737 0.036196
-0.059816 0.012507
-0.056421 0.020294
-0.060992 0.020111
-0.066378 0.019597
-0.069969 0.019255
-0.062818 0.026894
-0.047033 0.039153
-0.032223 0.050180
-0.023093 0.053328
-0.036029 0.024391
-0.044993 0.020753
-0.053008 0.023909
-0.061672 0.026245
-0.061678 0.027636
-0.055294 0.023817
-0.044344 0.021573
-0.037647 0.020948
-0.022794 0.022239
-0.024754 0.022557
-0.030471 0.023024
-0.039123 0.022578
-0.050717 0.022610
-0.059044 0.022574
-0.065085 0.022630
-0.065085 0.022630
-0.057095 0.025037
-0.049748 0.025232
-0.045680 0.028277
-0.043553 0.027468
-0.042916 0.031070
-0.049448 0.031206
-0.057297 0.033872
-0.061709 0.034590
-0.062659 0.027795
-0.048455 0.028265
-0.042414 0.028209
-0.049448 0.031206
-0.062695 0.036140
-0.063676 0.036300
-0.045728 0.039404
-0.022854 0.036147
-0.037242 0.040340
-0.038553 0.041480
-0.020834 -0.015144
-0.000753 0.022824
-0.014135 0.021294
-0.052164 -0.019778
-0.054211 -0.037050
-0.025086 -0.013526
-0.017004 0.005082
-0.032169 0.000599
-0.015735 0.013678
-0.017377 0.015798
-0.021642 0.020198
-0.026047 0.019525
-0.026047 0.019525
-0.023437 0.020027
-0.019681 0.019879
-0.015116 0.021453
-0.013516 0.029069
-0.012371 0.028419
-0.010244 0.027610
-0.012181 0.022366
-0.020673 0.022820
-0.034718 0.023251
-0.048455 0.028265
-0.055330 0.032163
-0.044294 0.047510
-0.040483 0.034844
-0.035668 0.016456
-0.025012 0.006847
-0.012800 0.014590
-0.002119 0.036482
0.011791 0.066650
0.028520 0.087094
0.068532 0.085220
0.003476 0.063832
-0.029533 0.032600
-0.003137 0.007923
-0.002138 0.003591
-0.046446 0.016819
-0.053731 0.039779
-0.020470 0.051048
-0.018786 0.039192
0.006381 0.071699
0.013949 0.095950
-0.022589 0.087530
-0.064116 0.062316
-0.085428 0.044470
-0.088786 0.028338
-0.084975 0.015672
-0.059558 0.028217
-0.060698 0.027476
-0.069810 0.020155
-0.073235 0.019322
-0.070649 0.025388
-0.058124 0.036323
-0.043822 0.051603
-0.031114 0.057875
-0.014398 0.044038
-0.025312 0.037937
-0.048296 0.029166
-0.066385 0.020988
-0.072916 0.021124
-0.062641 0.023622
-0.048633 0.031537
-0.035416 0.033557
-0.023149 0.028782
-0.024619 0.029022
-0.028860 0.027858
-0.036372 0.028153
-0.040104 0.022737
-0.046470 0.022383
-0.052022 0.022359
-0.054295 0.019485
-0.044816 0.017481
-0.040906 0.019625
-0.037647 0.020948
-0.037334 0.024140
-0.039319 0.030022
-0.050122 0.035949
-0.057646 0.039025
-0.063847 0.038181
-0.068394 0.032434
-0.055814 0.030852
-0.045545 0.034741
-0.053388 0.036016
-0.067444 0.039229
-0.071856 0.039946
-0.035600 0.038220
-0.044270 0.041946
-0.053436 0.047143
-0.054417 0.047303
-0.011275 0.001834
0.035315 0.064214
0.036099 0.071499
-0.010036 0.017384
-0.011281 0.003224
0.032961 0.042359
0.035032 0.054068
-0.010226 0.023438
-0.010863 0.019835
-0.014454 0.019492
-0.020318 0.016276
-0.023259 0.016755
-0.023259 0.016755
-0.016072 0.016049
-0.011985 0.014921
-0.006446 0.017727
-0.008100 0.022629
-0.008755 0.023199
-0.012205 0.027929
-0.015471 0.027997
-0.026574 0.027950
-0.037352 0.028312
-0.046494 0.027946
-0.053039 0.030863
-0.050158 0.044294
-0.042279 0.034673
-0.025704 0.015762
-0.015705 0.006724
-0.010024 0.014602
-0.003093 0.035250
0.002349 0.060310
0.012386 0.079989
0.043165 0.098611
-0.019091 0.071672
-0.047493 0.032278
-0.013052 -0.002510
-0.006618 -0.017455
-0.046986 -0.009038
-0.054424 0.011630
-0.026899 0.027539
-0.050110 0.033167
-0.033056 0.054022
0.002729 0.085265
0.024207 0.102621
0.001749 0.085425
-0.054582 0.047793
-0.101868 0.032782
-0.107113 0.037341
-0.060924 0.041875
-0.061059 0.035411
-0.073578 0.023085
-0.079761 0.018067
-0.077978 0.021020
-0.069387 0.035375
-0.058191 0.051623
-0.037192 0.066276
0.030634 0.089067
0.016810 0.076490
-0.027008 0.052575
-0.061691 0.030417
-0.078627 0.020199
-0.072444 0.025217
-0.056972 0.034283
-0.040017 0.040328
-0.029055 0.035302
-0.027910 0.034653
-0.030839 0.032349
-0.035232 0.028894
-0.036372 0.028153
-0.040104 0.022737
-0.043192 0.019533
-0.043192 0.019533
-0.040723 0.014962
-0.035343 0.016867
-0.030784 0.019832
-0.031452 0.023183
-0.035392 0.027994
-0.042426 0.030991
-0.055336 0.033554
-0.063676 0.036300
-0.078535 0.036400
-0.068902 0.036686
-0.056666 0.038866
-0.061733 0.040153
-0.078234 0.042374
-0.084129 0.046112
-0.077113 0.047287
-0.062744 0.047267
-0.061764 0.047108
-0.061764 0.047108
0.011552 0.046767
0.091818 0.137028
0.117499 0.163893
0.070396 0.107155
0.074372 0.094000
0.131941 0.147182
0.114637 0.146290
0.033134 0.077541
-0.003057 0.026905
-0.011844 0.019995
-0.017377 0.015798
-0.020318 0.016276
-0.015398 0.011307
-0.011476 0.010669
-0.004773 0.008652
0.000938 0.009577
-0.010030 0.015993
-0.011188 0.019425
-0.015465 0.026606
-0.023486 0.031154
-0.028884 0.033421
-0.035085 0.032577
-0.041108 0.028460
-0.044540 0.029018
-0.056157 0.034614
-0.045692 0.031059
-0.031942 0.023263
-0.020986 0.019628
-0.012990 0.020644
-0.013841 0.028659
-0.019270 0.037881
-0.023412 0.051527
-0.021714 0.073952
-0.049735 0.059514
-0.055159 0.030282
-0.023370 0.004727
-0.003248 -0.004105
-0.012923 0.005345
-0.024589 0.022067
-0.027922 0.037435
-0.058461 0.038695
-0.063357 0.038101
-0.018907 0.067009
0.037424 0.104641
0.032742 0.092430
-0.029931 0.048880
-0.080857 0.044653
-0.083093 0.070498
-0.057560 0.056617
-0.063210 0.041783
-0.073921 0.026847
-0.085637 0.017633
-0.088266 0.021304
-0.082273 0.032375
-0.070771 0.053205
-0.040666 0.076571
0.087370 0.146091
0.070286 0.132191
0.008912 0.090283
-0.047897 0.049949
-0.077346 0.026014
-0.079301 0.024942
-0.064828 0.038340
-0.046745 0.047908
-0.037579 0.042711
-0.036745 0.038870
-0.037548 0.035757
-0.038676 0.032234
-0.039313 0.028631
-0.039289 0.023068
-0.039926 0.019465
-0.039926 0.019465
-0.039926 0.019465
-0.036985 0.018987
-0.030784 0.019832
-0.027205 0.022956
-0.030471 0.023024
-0.035055 0.025622
-0.042726 0.025017
-0.053841 0.027751
-0.078051 0.037711
-0.064515 0.041532
-0.051782 0.042241
-0.054901 0.045992
-0.074337 0.047299
-0.086108 0.050603
-0.081862 0.050376
-0.068632 0.049615
-0.062070 0.042525
-0.061249 0.041465
-0.022530 0.036558
0.088792 0.156979
0.137403 0.205132
0.096500 0.149239
0.105679 0.141261
0.166986 0.198468
0.136685 0.182548
0.027699 0.088154
-0.005673 0.027794
-0.010539 0.020246
-0.016397 0.015639
-0.016066 0.014658
-0.011311 0.010179
-0.004608 0.008162
0.003248 0.004105
0.004228 0.003945
-0.013756 0.009186
-0.020153 0.015786
-0.023461 0.025590
-0.026108 0.033433
-0.030048 0.038244
-0.030851 0.035131
-0.033112 0.029476
-0.036029 0.024391
-0.061973 0.020271
-0.053167 0.023008
-0.036549 0.031425
-0.024803 0.033684
-0.024135 0.030333
-0.031458 0.024574
-0.044957 0.012407
-0.060625 0.010786
-0.088468 0.030139
-0.065931 0.029254
-0.030968 0.024494
-0.020863 0.028874
0.016643 0.039916
0.046430 0.061480
0.031155 0.082033
-0.009703 0.090530
-0.029943 0.051662
-0.072775 0.026197
-0.060305 0.049650
-0.000273 0.099652
0.016571 0.093670
-0.023075 0.049155
-0.036193 0.061944
-0.015499 0.109078
-0.046836 0.068771
-0.062903 0.046366
-0.078492 0.026664
-0.089559 0.018271
-0.092825 0.018339
-0.089620 0.032179
-0.081880 0.054549
-0.043331 0.088586
0.142635 0.203355
0.126213 0.187494
0.047118 0.128083
-0.028399 0.071796
-0.072977 0.035033
-0.083400 0.028852
-0.070710 0.039297
-0.055403 0.048853
-0.046898 0.045617
-0.044435 0.042437
-0.044258 0.039165
-0.041948 0.033693
-0.039478 0.029122
-0.039289 0.023068
-0.039926 0.019465
-0.037634 0.018166
-0.043535 0.023295
-0.039129 0.023969
-0.031452 0.023183
-0.026225 0.022797
-0.025232 0.019855
-0.028002 0.018453
-0.031427 0.017620
-0.039436 0.019385
-0.059607 0.039344
-0.045416 0.042596
-0.031721 0.047318
-0.033191 0.047557
-0.053939 0.050005
-0.067352 0.055429
-0.066046 0.055680
-0.058522 0.052603
-0.057481 0.038535
-0.055514 0.036826
-0.053909 0.005987
0.047590 0.132175
0.103535 0.183306
0.047283 0.127592
0.058264 0.118394
0.131483 0.177371
0.092070 0.154129
-0.011034 0.058779
-0.008449 0.027782
-0.009240 0.021887
-0.013627 0.017041
-0.013272 0.010498
-0.008364 0.008310
-0.001323 0.003922
0.006520 0.002646
0.007831 0.001506
-0.018658 0.009984
-0.024074 0.016424
-0.026899 0.027539
-0.030036 0.035462
-0.031200 0.040284
-0.029227 0.037184
-0.026598 0.033513
-0.031635 0.027846
-0.063082 0.012575
-0.058217 0.020123
-0.040649 0.035335
-0.030060 0.041025
-0.032334 0.038152
-0.044840 0.023044
-0.061888 0.000799
-0.080607 -0.012372
-0.121814 0.001278
-0.069920 0.008128
-0.030312 0.023924
-0.016684 0.043946
0.031982 0.079582
0.098111 0.117010
0.085109 0.140436
0.022903 0.139433
-0.000752 0.059887
-0.059687 0.020362
-0.085250 0.041198
-0.047737 0.087913
-0.028938 0.083003
-0.031059 0.045357
-0.003724 0.067320
0.037510 0.122232
-0.042627 0.076889
-0.063577 0.051109
-0.067113 0.038249
-0.078682 0.032717
-0.092518 0.022922
-0.084423 0.038747
-0.071978 0.067764
-0.039299 0.099976
0.169291 0.231450
0.161993 0.220128
0.081439 0.158175
0.006271 0.096735
-0.036512 0.060143
-0.059833 0.053743
-0.060152 0.051942
-0.049362 0.048797
-0.053277 0.048044
-0.051133 0.043062
-0.049650 0.040042
-0.045538 0.033350
-0.041439 0.029440
-0.039295 0.024459
-0.039607 0.021267
-0.038780 0.018816
-0.043559 0.028859
-0.039969 0.029201
-0.034405 0.026443
-0.028186 0.023115
-0.025073 0.020756
-0.025551 0.018054
-0.024565 0.016504
-0.028161 0.017552
-0.034319 0.044034
-0.022578 0.047685
-0.010005 0.047493
-0.013767 0.049031
-0.034030 0.052790
-0.046610 0.054373
-0.051034 0.057872
-0.046285 0.054783
-0.045551 0.036132
-0.045214 0.033761
0.055342 0.151763
0.101893 0.185426
0.101028 0.159159
-0.058411 0.064631
-0.085134 0.051835
0.044740 0.111791
0.048619 0.120889
0.019910 0.076912
0.006000 0.046743
0.000503 0.034202
-0.006305 0.022800
-0.008866 0.011171
-0.008517 0.006018
-0.003278 0.002850
0.003229 0.008277
0.004510 0.014092
-0.017279 0.030608
-0.023179 0.035737
-0.029068 0.038084
-0.032842 0.042404
-0.037107 0.046804
-0.037450 0.050566
-0.032885 0.052140
-0.037444 0.049176
-0.062818 0.026894
-0.059871 0.025025
-0.050747 0.029564
-0.041445 0.030831
-0.041464 0.035004
-0.045538 0.033350
-0.059246 0.031410
-0.068388 0.031043
-0.096359 0.042541
-0.065747 0.024591
-0.050361 0.016066
-0.040857 0.045561
0.028116 0.104765
0.125226 0.151981
0.158480 0.164641
0.105673 0.142651
-0.026145 0.041779
-0.008357 0.043982
-0.038656 0.065125
-0.063779 0.059944
-0.120153 0.032049
-0.055245 0.012691
-0.027095 0.034984
-0.010108 0.071138
-0.076438 0.079608
-0.060507 0.058486
0.008520 0.105172
-0.001320 0.115112
-0.063099 0.053811
-0.020267 0.079276
0.024343 0.146148
-0.007502 0.147157
0.122243 0.199258
0.164916 0.223823
0.130699 0.207149
0.124987 0.169161
0.152561 0.173943
0.099920 0.188526
0.009526 0.136512
-0.004802 0.052670
-0.050122 0.035949
-0.052070 0.033486
-0.044233 0.033601
-0.038670 0.030843
-0.036059 0.031345
-0.034913 0.030696
-0.038339 0.029863
-0.037512 0.027412
-0.024252 0.019696
-0.027346 0.017883
-0.033235 0.020230
-0.037328 0.022749
-0.037346 0.026922
-0.032132 0.029317
-0.025612 0.031963
-0.017787 0.034860
-0.001696 0.051701
-0.002983 0.047278
-0.009650 0.040949
-0.020563 0.034848
-0.037058 0.035677
-0.039687 0.039348
-0.059159 0.049001
-0.060814 0.053903
-0.038559 0.042871
-0.035122 0.040922
0.161360 0.178071
0.181335 0.165557
0.149851 0.121568
0.026142 0.070802
0.011503 0.057894
0.110230 0.108553
0.166856 0.153550
0.152983 0.152099
0.024518 0.068750
-0.000201 0.045899
-0.007646 0.030894
-0.010526 0.017464
-0.011630 0.008377
-0.007537 0.005859
-0.001666 0.007684
0.001900 0.013590
-0.011059 0.027280
-0.015483 0.030779
-0.024141 0.031724
-0.027095 0.034984
-0.034135 0.039372
-0.038724 0.043361
-0.039876 0.045401
-0.042971 0.043588
-0.063670 0.034909
-0.060728 0.034430
-0.053063 0.036427
-0.042131 0.038356
-0.040667 0.039507
-0.042805 0.043098
-0.046402 0.044146
-0.060936 0.044657
-0.104055 0.047499
-0.082396 0.023129
-0.069945 0.013691
-0.053142 0.054508
0.028809 0.132913
0.140338 0.206045
0.185130 0.231191
0.138469 0.222564
0.019770 0.108902
0.064973 0.114986
0.039943 0.126006
0.001204 0.098022
-0.086267 0.049703
-0.043051 0.024606
-0.052401 0.034466
-0.052486 0.053938
-0.062750 0.048658
-0.046347 0.031628
0.007325 0.079885
-0.006321 0.101099
-0.037486 0.058912
0.051486 0.100038
0.146820 0.179973
0.126225 0.184712
0.147231 0.197974
0.100999 0.203176
0.057739 0.200946
0.104614 0.197955
0.163181 0.209743
0.100196 0.200064
-0.031436 0.131591
-0.092658 0.054912
-0.067420 0.033665
-0.058755 0.031330
-0.046182 0.031138
-0.039160 0.030923
-0.032793 0.031277
-0.031813 0.031118
-0.035079 0.031186
-0.036378 0.029544
-0.026366 0.017723
-0.031109 0.019421
-0.034699 0.019078
-0.039289 0.023068
-0.038333 0.028472
-0.030833 0.030959
-0.023486 0.031154
-0.017787 0.034860
-0.019417 0.034198
-0.025447 0.031473
-0.031617 0.023673
-0.043014 0.016261
-0.045619 0.014368
-0.064926 0.023531
-0.072309 0.031681
-0.072162 0.035363
-0.050961 0.041181
-0.046555 0.041855
0.084563 0.115970
0.116327 0.095979
0.102608 0.096820
0.096787 0.120932
0.092964 0.136379
0.100960 0.137395
0.150042 0.152578
0.135937 0.166917
0.018262 0.080423
-0.004171 0.057663
-0.009006 0.043161
-0.014178 0.031030
-0.014454 0.019492
-0.009522 0.011741
-0.005753 0.008812
-0.000367 0.009326
-0.004166 0.019209
-0.006133 0.020919
-0.011360 0.021306
-0.020024 0.023641
-0.027046 0.023857
-0.036041 0.027173
-0.042732 0.026408
-0.048639 0.032928
-0.064019 0.040062
-0.060771 0.044167
-0.053099 0.044772
-0.041353 0.047032
-0.036794 0.049996
-0.034521 0.052870
-0.035501 0.053029
-0.035041 0.059904
-0.028643 0.090367
-0.002774 0.074115
0.004947 0.063593
0.012454 0.101752
0.078124 0.169370
0.160681 0.221268
0.162061 0.241892
0.100062 0.230663
0.076819 0.169118
0.135876 0.180826
0.109093 0.181938
0.058497 0.139668
-0.051609 0.077424
-0.037401 0.039439
-0.074295 0.037563
-0.087407 0.048962
-0.072935 0.025296
-0.060453 0.008905
-0.041175 0.043760
-0.058093 0.066432
-0.052186 0.059912
0.074293 0.112081
0.194780 0.190242
0.190963 0.204298
0.089570 0.165655
-0.002473 0.080089
-0.006908 0.123433
0.092408 0.188821
0.138083 0.198999
0.080354 0.144916
-0.014520 0.071855
-0.086005 0.026959
-0.076060 0.030438
-0.066102 0.031135
-0.054999 0.031182
-0.042426 0.030991
-0.032793 0.031277
-0.026911 0.030321
-0.027891 0.030480
-0.030171 0.028998
-0.035202 0.021940
-0.038308 0.022908
-0.039289 0.023068
-0.039313 0.028631
-0.035391 0.027994
-0.027891 0.030480
-0.021690 0.031325
-0.020538 0.029284
-0.048076 0.016158
-0.054749 0.011220
-0.056857 0.007856
-0.063364 0.002429
-0.067941 0.003636
-0.072690 0.006725
-0.075650 0.011376
-0.075349 0.017350
-0.059607 0.039344
-0.056028 0.042469
-0.057261 0.025527
-0.000428 0.023234
0.028679 0.087995
0.137004 0.184349
0.131869 0.200936
0.023411 0.135181
0.024096 0.090593
0.001369 0.097532
-0.005053 0.072632
-0.008282 0.064355
-0.015581 0.053033
-0.018957 0.041073
-0.018896 0.027164
-0.014454 0.019492
-0.009687 0.012231
-0.003952 0.007592
-0.000049 0.011127
-0.001035 0.012677
-0.005288 0.014295
-0.012959 0.013690
-0.024552 0.013722
-0.035655 0.013674
-0.050030 0.015086
-0.058878 0.022084
-0.062897 0.044976
-0.059165 0.050392
-0.050838 0.050427
-0.041059 0.054396
-0.029459 0.052973
-0.024422 0.058640
-0.020513 0.060784
-0.002774 0.074115
0.086218 0.148132
0.128191 0.145939
0.132284 0.143420
0.129877 0.171146
0.158646 0.201214
0.164860 0.199277
0.085262 0.142728
-0.005843 0.103801
0.094214 0.149148
0.159357 0.188126
0.107445 0.185449
0.036769 0.142274
-0.078068 0.078947
-0.057138 0.034773
-0.082438 0.032865
-0.087236 0.047080
-0.090961 0.040274
-0.069374 0.032593
-0.069736 0.040528
-0.094938 0.053429
-0.069686 0.066465
0.031351 0.111651
0.110152 0.163698
0.098149 0.182792
-0.005363 0.143567
-0.098969 0.079103
-0.032504 0.077096
0.076396 0.153899
0.048412 0.168179
-0.024256 0.095213
-0.048719 0.013946
-0.107280 0.000768
-0.087634 0.026297
-0.073124 0.031350
-0.061531 0.031318
-0.046507 0.030728
-0.035079 0.031186
-0.023314 0.029273
-0.023651 0.031644
-0.027242 0.031301
-0.042579 0.028699
-0.042414 0.028209
-0.042573 0.027308
-0.039313 0.028631
-0.033774 0.031437
-0.027891 0.030480
-0.024466 0.031313
-0.026580 0.029340
-0.057708 0.015871
-0.063247 0.013065
-0.062745 0.010204
-0.063719 0.008972
-0.064056 0.011344
-0.062745 0.010204
-0.059657 0.013408
-0.060000 0.017170
-0.050949 0.038400
-0.048675 0.041273
-0.042954 0.002352
-0.008333 0.001355
0.021755 0.065956
0.139889 0.159325
0.123854 0.167029
-0.017669 0.082560
-0.031305 0.026866
-0.036721 0.033306
-0.012835 0.059999
-0.011861 0.061230
-0.019992 0.053750
-0.022732 0.045393
-0.024484 0.035486
-0.018553 0.023402
-0.012316 0.015902
-0.007880 0.009621
-0.006587 0.012653
-0.006593 0.014044
-0.006587 0.012653
-0.010177 0.012311
-0.020122 0.008832
-0.035306 0.008521
-0.054246 0.008358
-0.060803 0.014058
-0.055207 0.041409
-0.049840 0.046095
-0.045281 0.049060
-0.039404 0.049494
-0.028644 0.053304
-0.019845 0.057433
-0.011843 0.057058
0.004769 0.066865
0.075390 0.122558
0.119576 0.137147
0.140532 0.161537
0.151943 0.203231
0.175700 0.222069
0.152212 0.179096
0.020885 0.078143
-0.106268 0.030717
0.078612 0.095163
0.140416 0.150900
0.063491 0.155071
-0.021743 0.117969
-0.130232 0.059169
-0.081250 0.022479
-0.070974 0.024978
-0.053283 0.049435
-0.050040 0.091994
-0.005653 0.097748
-0.009158 0.077933
-0.040163 0.073709
-0.021315 0.094735
0.014390 0.106997
0.002448 0.112182
-0.007772 0.134229
0.132193 0.164283
0.076296 0.102026
0.106137 0.111072
0.161673 0.181264
0.103003 0.193121
0.029207 0.116633
-0.020930 0.044174
-0.091568 0.029717
-0.086513 0.031211
-0.076225 0.030928
-0.062512 0.031477
-0.046507 0.030728
-0.037364 0.031094
-0.030833 0.030959
-0.028872 0.030640
-0.029852 0.030799
-0.044233 0.033601
-0.044564 0.034582
-0.040471 0.032063
-0.034754 0.031596
-0.024944 0.028611
-0.030833 0.030959
-0.031813 0.031118
-0.033277 0.029966
-0.051715 0.026942
-0.055140 0.026109
-0.052040 0.026531
-0.047481 0.029496
-0.045692 0.031059
-0.043222 0.026487
-0.040771 0.026089
-0.037996 0.026101
-0.031494 0.032919
-0.029540 0.033991
0.026294 0.036030
0.006913 0.024820
-0.002432 0.033289
0.045627 0.058368
0.019512 0.056129
-0.061023 0.027066
-0.047420 0.015588
-0.008774 0.027371
-0.011788 0.044540
-0.015575 0.051642
-0.023565 0.049235
-0.026157 0.044560
-0.026623 0.039077
-0.023320 0.030663
-0.016740 0.019401
-0.012469 0.013610
-0.020508 0.022330
-0.017408 0.022753
-0.012990 0.020644
-0.013149 0.019743
-0.021133 0.015946
-0.038921 0.013742
-0.055245 0.012691
-0.060974 0.015939
-0.038841 0.032724
-0.035275 0.038630
-0.036745 0.038870
-0.034472 0.041743
-0.027621 0.043409
-0.017511 0.046397
-0.009674 0.046513
-0.006733 0.046034
-0.034974 0.044604
-0.015930 0.058186
0.005113 0.100166
0.041261 0.160539
0.110956 0.203873
0.133058 0.190550
0.034593 0.117147
-0.072713 0.049352
0.064439 0.087739
0.122505 0.139451
0.052443 0.142505
-0.024801 0.107811
-0.127591 0.052717
-0.072910 0.019733
-0.055784 0.023897
-0.027351 0.056337
0.028283 0.141338
0.103314 0.159250
0.091028 0.131134
0.052063 0.117549
0.074790 0.147674
0.060041 0.122738
-0.026266 0.069596
-0.045623 0.089886
0.174462 0.206518
0.147114 0.187338
0.107996 0.171461
0.114247 0.198242
0.134596 0.212075
0.131023 0.170496
0.050439 0.115497
-0.071199 0.076440
-0.081801 0.036467
-0.073124 0.031350
-0.061531 0.031318
-0.047487 0.030887
-0.040465 0.030672
-0.037364 0.031094
-0.037364 0.031094
-0.036390 0.032326
-0.040826 0.038607
-0.039196 0.039268
-0.035600 0.038220
-0.028406 0.036123
-0.031819 0.032509
-0.036059 0.031345
-0.041923 0.028129
-0.046494 0.027946
-0.046016 0.030648
-0.044233 0.033601
-0.043443 0.039495
-0.040520 0.043190
-0.035134 0.043704
-0.033320 0.039702
-0.029864 0.033581
-0.026580 0.029340
-0.024111 0.024769
-0.022965 0.024120
0.020951 0.025780
-0.014350 0.032911
-0.028682 0.024586
-0.053389 -0.001047
-0.075766 0.000739
-0.075220 0.025205
-0.056991 0.038456
0.006735 0.028092
-0.011874 0.026949
-0.020067 0.033377
-0.026133 0.038997
-0.030060 0.041025
-0.031200 0.040284
-0.025949 0.034334
-0.020845 0.024701
-0.018866 0.020210
-0.037211 0.033386
-0.033296 0.034139
-0.023651 0.031644
-0.021678 0.028543
-0.023792 0.026571
-0.038799 0.022988
-0.058866 0.019302
-0.061807 0.019781
-0.024264 0.022478
-0.023455 0.024199
-0.026887 0.024757
-0.029509 0.027037
-0.026574 0.027950
-0.017940 0.032568
-0.009950 0.034975
-0.013381 0.035533
-0.062499 0.028696
-0.085472 0.017143
-0.109019 0.025142
-0.081806 0.074922
0.033822 0.144144
0.139118 0.186322
0.121636 0.188701
0.042376 0.166844
0.070642 0.162710
0.135557 0.179025
0.104699 0.178483
0.054269 0.135722
-0.047841 0.074494
-0.022665 0.030094
-0.050257 0.029484
-0.039618 0.061112
0.069809 0.166552
0.154517 0.212078
0.123492 0.174964
0.079460 0.162666
0.121398 0.205882
0.102033 0.153436
-0.001230 0.057185
-0.027069 0.066483
0.120631 0.194424
0.155711 0.200302
0.082389 0.164970
0.030727 0.142330
0.111004 0.155683
0.169246 0.167060
0.106548 0.129073
-0.012866 0.066953
-0.066936 0.034977
-0.066102 0.031135
-0.057775 0.031170
-0.048467 0.031047
-0.041936 0.030911
-0.042916 0.031070
-0.043896 0.031230
-0.044233 0.033601
-0.037082 0.041241
-0.031862 0.042245
-0.027769 0.039726
-0.028743 0.038495
-0.034448 0.036179
-0.042426 0.030991
-0.055312 0.027990
-0.059877 0.026416
-0.050888 0.024491
-0.048290 0.027775
-0.047996 0.035140
-0.043774 0.040476
-0.032983 0.037331
-0.038853 0.035506
-0.036206 0.027663
-0.035526 0.021529
-0.031568 0.012546
-0.031568 0.012546
-0.006140 -0.014753
-0.039791 0.025929
-0.009313 0.038578
-0.049038 0.012144
-0.049056 0.016317
-0.028822 0.056576
-0.036966 0.051878
0.017592 0.009648
-0.010839 0.014272
-0.020827 0.020529
-0.026255 0.029751
-0.030373 0.037833
-0.031359 0.039383
-0.026770 0.035394
-0.025428 0.027300
-0.025416 0.024518
-0.049827 0.043313
-0.034968 0.043213
-0.027272 0.038256
-0.029705 0.034482
-0.026592 0.032122
-0.033933 0.030536
-0.061856 0.030907
-0.069846 0.028501
-0.014797 0.023255
-0.017708 0.016779
-0.027169 0.014611
-0.025392 0.018955
-0.025251 0.024028
-0.014656 0.028328
-0.008118 0.026801
-0.008780 0.028762
-0.009747 0.063203
-0.049773 0.030796
-0.123279 0.000126
-0.129093 0.022847
0.002852 0.094511
0.156335 0.169623
0.188641 0.212552
0.144848 0.220137
0.071600 0.205178
0.151079 0.214027
0.158444 0.210050
0.127469 0.161808
0.034329 0.102828
0.027845 0.054773
-0.034000 0.045836
-0.057609 0.067744
0.067671 0.170143
0.125111 0.215470
0.072285 0.160590
0.026317 0.180111
0.097936 0.231472
0.106182 0.175462
0.021418 0.068328
-0.019030 0.057763
0.014452 0.130152
0.104839 0.146493
0.040512 0.107845
-0.075360 0.057195
-0.036371 0.065216
0.030898 0.103386
-0.010647 0.082345
-0.070802 0.023097
-0.068388 0.031043
-0.060888 0.033530
-0.053051 0.033645
-0.045214 0.033761
-0.043909 0.034012
-0.043909 0.034012
-0.045214 0.033761
-0.045545 0.034741
-0.034313 0.042644
-0.028927 0.043158
-0.027609 0.040627
-0.031353 0.037993
-0.038204 0.036327
-0.049448 0.031206
-0.062169 0.027715
-0.065422 0.025001
-0.055251 0.014081
-0.053309 0.017935
-0.051709 0.025551
-0.051084 0.031935
-0.051090 0.033326
-0.048443 0.025483
-0.049062 0.017708
-0.048382 0.011574
-0.045263 0.007824
-0.045263 0.007824
-0.011611 0.004205
-0.020992 0.021019
-0.023510 0.036717
-0.036261 0.040181
-0.037248 0.041731
-0.025152 0.038837
-0.019865 0.024542
-0.005747 0.007421
-0.005545 -0.001415
-0.010637 0.005436
-0.015588 0.017360
-0.023651 0.031644
-0.026935 0.035884
-0.030857 0.036522
-0.032953 0.030377
-0.036715 0.031915
-0.044006 0.056266
0.006662 0.044783
-0.019540 0.024952
-0.053290 0.013763
-0.009215 0.016324
-0.006513 0.033026
-0.083988 0.051185
-0.112149 0.068737
0.000517 0.068483
-0.042959 0.040807
-0.038131 0.019636
-0.006482 0.026072
-0.012296 0.048792
0.004328 0.055818
0.008022 0.032516
-0.042016 0.011929
-0.056182 0.040177
-0.016788 0.030528
-0.075079 0.030278
-0.098607 0.071168
0.039073 0.138193
0.152181 0.186050
0.148377 0.197325
0.114497 0.178280
0.023300 0.123153
0.102786 0.130612
0.100587 0.148111
0.095342 0.152671
0.078883 0.145155
0.069667 0.124416
0.047460 0.087257
-0.021242 0.078045
0.107897 0.156652
0.032558 0.097093
-0.087559 0.083733
-0.073784 0.107438
0.046316 0.162033
0.111936 0.166651
0.053190 0.121072
-0.032829 0.076686
-0.035985 0.051718
-0.015139 0.064080
-0.021861 0.070269
-0.056089 0.056377
-0.069417 0.042330
-0.065489 0.040301
-0.060930 0.043266
-0.055226 0.045581
-0.046225 0.040874
-0.043283 0.040396
-0.040508 0.040408
-0.035122 0.040922
-0.031200 0.040284
-0.027934 0.040216
-0.024999 0.041129
-0.024178 0.040069
-0.033130 0.033649
-0.039497 0.033294
-0.046519 0.033510
-0.050759 0.032346
-0.053039 0.030863
-0.051078 0.030545
-0.045202 0.030979
-0.040949 0.029361
-0.029969 0.020162
-0.032267 0.022852
-0.035416 0.033557
-0.040661 0.038116
-0.044742 0.037853
-0.050110 0.033167
-0.054148 0.023168
-0.055282 0.021036
-0.050723 0.024001
-0.052849 0.024810
-0.012451 0.009437
-0.018700 0.019720
-0.025134 0.034665
-0.029735 0.041436
-0.031041 0.041185
-0.025134 0.034665
-0.018700 0.019720
-0.011630 0.008377
-0.006691 -0.000765
-0.008346 0.004137
-0.014773 0.017691
-0.021188 0.028464
-0.026114 0.034824
-0.029877 0.036363
-0.033774 0.031437
-0.036384 0.030935
-0.042805 0.043098
-0.036562 0.034207
-0.059025 0.018402
-0.027322 0.012319
0.034351 0.023138
-0.009999 0.046102
-0.081132 0.070179
-0.053784 0.089360
0.003219 0.085186
-0.027332 0.089228
0.020180 0.089840
0.067576 0.079816
0.017189 0.064382
-0.015262 0.054834
-0.008074 0.054129
-0.026879 0.060430
-0.036671 0.059242
0.010718 0.050609
-0.034367 0.055161
-0.056064 0.087877
0.051996 0.132849
0.122609 0.152869
0.087713 0.142329
0.071628 0.124097
0.124845 0.127025
0.112676 0.146609
0.002621 0.147364
0.021254 0.142944
0.110998 0.157074
0.151635 0.161584
0.096995 0.110705
-0.046616 0.055763
0.082578 0.121853
0.016027 0.106268
-0.055874 0.081824
-0.019052 0.137454
0.101477 0.205878
0.176785 0.235328
0.149940 0.213286
0.069178 0.161559
-0.039282 0.058740
-0.048914 0.058454
-0.044894 0.072625
-0.064453 0.064687
-0.091470 0.044526
-0.105122 0.030068
-0.098106 0.031243
-0.082487 0.043992
-0.054546 0.039448
-0.050949 0.038400
-0.046703 0.038172
-0.043112 0.038515
-0.038865 0.038288
-0.035600 0.038220
-0.030538 0.038323
-0.026286 0.036705
-0.039491 0.031903
-0.043896 0.031230
-0.049773 0.030796
-0.054999 0.031182
-0.054999 0.031182
-0.051078 0.030545
-0.042916 0.031070
-0.038829 0.029942
-0.032769 0.025714
-0.032291 0.028416
-0.034607 0.035279
-0.039858 0.041229
-0.042144 0.041137
-0.047015 0.034980
-0.048290 0.027775
-0.048443 0.025483
-0.048455 0.028265
-0.049436 0.028424
-0.015404 0.012698
-0.019522 0.020780
-0.024791 0.030903
-0.026457 0.038586
-0.026457 0.038586
-0.024301 0.030823
-0.019522 0.020780
-0.014583 0.011637
-0.012108 0.005675
-0.011140 0.008298
-0.016078 0.017440
-0.020036 0.026423
-0.023486 0.031154
-0.027076 0.030811
-0.030833 0.030959
-0.034411 0.027834
-0.029521 0.029819
-0.045998 0.026475
-0.082396 0.023129
-0.042904 0.028289
0.028047 0.045938
0.008807 0.076864
-0.004856 0.102251
0.064955 0.119159
0.070028 0.116481
0.057492 0.145390
0.122401 0.163096
0.145544 0.135704
0.069648 0.091525
0.014904 0.064291
0.033434 0.083515
0.022387 0.108013
-0.043766 0.076148
-0.017933 0.068241
-0.038209 0.074781
-0.047448 0.096669
0.018600 0.115115
0.041633 0.112759
-0.014409 0.083883
-0.025948 0.071397
0.153822 0.146867
0.136728 0.172811
0.017462 0.151437
0.045966 0.130123
0.133002 0.166005
0.146863 0.207300
0.071880 0.141198
-0.076770 0.043525
0.070525 0.115010
0.054992 0.119853
0.020696 0.121260
0.045011 0.161782
0.105203 0.212685
0.145148 0.226111
0.132035 0.200446
0.087670 0.152065
0.003464 0.066614
-0.001444 0.068802
0.000303 0.080101
-0.022020 0.069369
-0.055385 0.044681
-0.078976 0.025352
-0.080766 0.023790
-0.076060 0.030438
-0.070998 0.030541
-0.066268 0.031625
-0.063002 0.031557
-0.058755 0.031330
-0.055165 0.031673
-0.050918 0.031445
-0.046347 0.031628
-0.042922 0.032461
-0.041936 0.030911
-0.044877 0.031389
-0.052058 0.030704
-0.057941 0.031661
-0.057941 0.031661
-0.052058 0.030704
-0.045857 0.031549
-0.041445 0.030831
-0.039981 0.031983
-0.038688 0.035016
-0.039521 0.038858
-0.040023 0.041719
-0.040023 0.041719
-0.040011 0.038937
-0.040973 0.034924
-0.040140 0.031082
-0.041758 0.027639
-0.043553 0.027468
-0.020159 0.017177
-0.019203 0.022581
-0.023970 0.029843
-0.024975 0.035565
-0.024644 0.034585
-0.023970 0.029843
-0.019203 0.022581
-0.020153 0.015786
-0.019001 0.013746
-0.017046 0.014818
-0.015759 0.019241
-0.016102 0.023004
-0.020036 0.026423
-0.023798 0.027961
-0.030165 0.027607
-0.034411 0.027834
-0.024307 0.032214
-0.009307 0.037187
-0.057180 0.044509
-0.066408 0.063615
0.013324 0.089565
0.059894 0.119055
0.096843 0.145477
0.154209 0.170432
0.142660 0.197791
0.141453 0.212349
0.167403 0.215079
0.133401 0.186788
0.057554 0.168545
0.065489 0.146406
0.097192 0.140324
0.041292 0.153585
-0.021371 0.070190
-0.012045 0.065893
-0.001995 0.082791
0.012478 0.096189
0.044299 0.100743
0.038961 0.089102
-0.017590 0.064479
-0.043203 0.059378
0.046530 0.150416
0.059668 0.170518
0.015059 0.140709
0.097290 0.118070
0.173768 0.178370
0.148335 0.244124
0.077408 0.183848
-0.053185 0.064244
0.011914 0.075896
0.025768 0.081519
0.028637 0.097731
0.036156 0.133108
0.048241 0.170060
0.059809 0.175591
0.065299 0.152460
0.057951 0.115202
0.009340 0.067049
0.014524 0.076398
0.015775 0.089167
-0.006058 0.078355
-0.042995 0.049152
-0.076201 0.025364
-0.089883 0.017860
-0.088584 0.019502
-0.080760 0.022399
-0.079785 0.023631
-0.076519 0.023563
-0.072604 0.024316
-0.066397 0.023770
-0.061826 0.023953
-0.058069 0.023806
-0.055300 0.025208
-0.045514 0.027787
-0.047475 0.028105
-0.055312 0.027990
-0.059558 0.028217
-0.059558 0.028217
-0.054332 0.027831
-0.047475 0.028105
-0.042254 0.029110
-0.042291 0.037455
-0.039362 0.039758
-0.039362 0.039758
-0.039693 0.040739
-0.034962 0.041823
-0.035440 0.039121
-0.033479 0.038802
-0.032493 0.037251
-0.039301 0.025850
-0.039289 0.023068
-0.023602 0.020517
-0.024264 0.022478
-0.020367 0.027403
-0.019730 0.031006
-0.019730 0.031006
-0.020208 0.028304
-0.024264 0.022478
-0.024583 0.020676
-0.024074 0.016424
-0.023437 0.020027
-0.016740 0.019401
-0.010539 0.020246
-0.011684 0.020895
-0.020673 0.022820
-0.028860 0.027858
-0.038173 0.029373
-0.045900 0.041285
-0.015918 0.055404
-0.015494 0.070624
0.019500 0.095974
0.092026 0.126802
0.096145 0.155783
0.108964 0.174083
0.170926 0.193658
0.188046 0.199213
0.160551 0.176350
0.134055 0.149155
0.049054 0.133327
0.007008 0.152210
0.103687 0.148534
0.135311 0.123469
0.019035 0.090490
-0.059631 0.044908
-0.078614 0.054481
-0.047859 0.078667
-0.006934 0.091933
0.000573 0.093029
-0.011817 0.088558
-0.028454 0.084314
-0.046119 0.091356
-0.026087 0.140451
-0.025461 0.146835
-0.036198 0.100399
0.069502 0.124906
0.161495 0.184536
0.144928 0.239119
0.116667 0.204798
0.038601 0.134101
0.102040 0.189108
0.115282 0.185565
0.096917 0.165850
0.046077 0.142151
-0.020420 0.114048
-0.069545 0.071538
-0.087463 0.024416
-0.081483 0.001205
-0.061292 0.051201
-0.041174 0.080823
-0.032749 0.095668
-0.047075 0.085952
-0.086457 0.055756
-0.124859 0.025401
-0.144731 0.014271
-0.143910 0.013211
-0.092512 0.021531
-0.085661 0.023196
-0.081740 0.022559
-0.076188 0.022583
-0.072598 0.022925
-0.066715 0.021969
-0.064105 0.022471
-0.060514 0.022813
-0.048431 0.022701
-0.050716 0.022610
-0.058554 0.022494
-0.061005 0.022893
-0.061495 0.022973
-0.058554 0.022494
-0.051697 0.022769
-0.044522 0.024845
-0.040171 0.038037
-0.037560 0.038539
-0.035747 0.034537
-0.035416 0.033557
-0.031010 0.034231
-0.030851 0.035131
-0.031353 0.037993
-0.028577 0.038005
-0.040588 0.021426
-0.041887 0.019784
-0.026225 0.022797
-0.024288 0.028041
-0.020367 0.027403
-0.015146 0.028408
-0.015146 0.028408
-0.020367 0.027403
-0.024773 0.026730
-0.027536 0.023936
-0.032769 0.025714
-0.026556 0.023777
-0.016415 0.019811
-0.009705 0.016404
-0.009705 0.016404
-0.016415 0.019811
-0.027205 0.022956
-0.037683 0.029293
-0.067468 0.044792
-0.062149 0.060606
-0.000040 0.083863
0.136511 0.110302
0.187174 0.137273
0.073106 0.159530
0.031843 0.148635
0.137010 0.182958
0.149265 0.180965
0.104527 0.143301
0.052755 0.108634
-0.024311 0.107731
-0.044524 0.137426
0.059465 0.142290
0.087859 0.108948
-0.016291 0.066121
-0.007891 0.049466
-0.053522 0.066616
-0.019967 0.085250
0.032754 0.089649
0.020677 0.088370
0.019507 0.094583
0.057933 0.119374
0.065335 0.144115
0.066292 0.149519
0.066230 0.126364
0.029011 0.124078
0.059251 0.153907
0.039062 0.178038
-0.016796 0.181563
0.044950 0.175691
0.080042 0.178787
0.126380 0.224067
0.126098 0.213920
0.095361 0.185561
0.037088 0.144076
-0.026572 0.102076
-0.069202 0.067776
-0.077585 0.043195
-0.070680 0.032342
-0.062609 0.053731
-0.039367 0.078212
-0.019691 0.096788
-0.026198 0.091360
-0.061990 0.061507
-0.100067 0.031562
-0.122378 0.018048
-0.124651 0.015175
-0.086961 0.021555
-0.079779 0.022240
-0.076188 0.022583
-0.072598 0.022925
-0.066391 0.022379
-0.062310 0.022642
-0.060024 0.022734
-0.056593 0.022176
-0.049411 0.022861
-0.054307 0.022267
-0.060024 0.022734
-0.061495 0.022973
-0.061495 0.022973
-0.059534 0.022654
-0.054307 0.022267
-0.045496 0.023614
-0.032144 0.032098
-0.028712 0.031540
-0.029675 0.027527
-0.030968 0.024494
-0.030968 0.024494
-0.030980 0.027276
-0.031978 0.031608
-0.034111 0.033808
-0.045808 0.020422
-0.048088 0.018939
-0.031470 0.027356
-0.025269 0.028201
-0.019062 0.027654
-0.012181 0.022366
-0.012181 0.022366
-0.019062 0.027654
-0.025269 0.028201
-0.030986 0.028667
-0.040477 0.033454
-0.029675 0.027527
-0.015110 0.020062
-0.006593 0.014044
-0.006581 0.011263
-0.013137 0.016962
-0.027205 0.022956
-0.036206 0.027663
-0.051746 0.033896
-0.061273 0.047028
-0.002743 0.067160
0.119746 0.098203
0.151162 0.120428
0.014336 0.119515
-0.023980 0.106751
0.111408 0.138012
0.177096 0.201457
0.125693 0.194528
0.132261 0.186047
0.141752 0.181260
0.101115 0.176750
0.103725 0.177252
0.120925 0.164726
0.087517 0.149774
0.044954 0.100173
-0.047154 0.104033
-0.030163 0.101734
0.012172 0.091606
-0.022387 0.078694
-0.010365 0.092491
0.072376 0.139727
0.116446 0.180743
0.148125 0.180224
0.162676 0.138477
0.114956 0.148091
0.094185 0.193165
-0.013084 0.154088
-0.118705 0.074436
-0.022804 0.099147
0.078352 0.192034
0.144959 0.232164
0.120056 0.213976
0.060826 0.167086
-0.000959 0.107177
-0.051831 0.053368
-0.082396 0.023129
-0.089393 0.017781
-0.084203 0.025739
-0.047235 0.047988
-0.013062 0.074398
0.017711 0.094411
0.019347 0.093682
-0.006334 0.066818
-0.040980 0.036315
-0.064914 0.020749
-0.072751 0.020634
-0.073756 0.026357
-0.072291 0.027508
-0.067720 0.027691
-0.062984 0.027385
-0.059393 0.027727
-0.055312 0.027990
-0.053026 0.028082
-0.049430 0.027033
-0.050710 0.021219
-0.056256 0.019804
-0.061152 0.019211
-0.065073 0.019848
-0.066054 0.020008
-0.061642 0.019290
-0.054951 0.020055
-0.046789 0.020581
-0.024295 0.029432
-0.021838 0.027643
-0.023762 0.019616
-0.026997 0.012730
-0.031409 0.013447
-0.036660 0.019397
-0.038327 0.027081
-0.039969 0.029201
-0.052328 0.017776
-0.054608 0.016293
-0.032793 0.031277
-0.025269 0.028201
-0.017083 0.023163
-0.011200 0.022206
-0.011200 0.022206
-0.017414 0.024143
-0.025434 0.028691
-0.034435 0.033398
-0.040661 0.038116
-0.032303 0.031198
-0.015594 0.018751
-0.008235 0.016165
-0.008535 0.010191
-0.014117 0.017121
-0.027205 0.022956
-0.031789 0.025555
-0.021948 0.015615
-0.015477 0.029388
-0.015599 0.057205
0.019892 0.081084
0.047044 0.107710
-0.014249 0.121847
-0.001431 0.103084
0.100690 0.124467
0.067945 0.107554
-0.014604 0.128391
0.058791 0.147032
0.145066 0.133002
0.074354 0.098172
-0.012773 0.083154
0.001204 0.098022
0.055457 0.125336
0.102431 0.137156
0.014949 0.128681
0.014305 0.126469
0.043165 0.098611
-0.014183 0.069484
-0.014238 0.082002
0.077314 0.130585
0.132475 0.174430
0.123573 0.193946
0.104490 0.151646
0.064411 0.168820
0.098824 0.215112
0.068908 0.148630
-0.003584 0.035330
0.035192 0.054968
0.073504 0.180313
0.081445 0.156784
0.031787 0.124090
-0.033166 0.079057
-0.077193 0.028305
-0.085387 -0.002329
-0.075264 -0.002122
-0.065416 0.023610
-0.065354 0.046765
-0.072039 0.044609
-0.042909 0.066743
-0.004801 0.089733
0.005315 0.091331
-0.011898 0.069576
-0.040851 0.044170
-0.063645 0.029345
-0.072610 0.025707
-0.063486 0.030246
-0.059570 0.030999
-0.056629 0.030521
-0.052714 0.031274
-0.049448 0.031206
-0.047162 0.031298
-0.045857 0.031549
-0.046176 0.029747
-0.054136 0.020386
-0.058866 0.019302
-0.061152 0.019211
-0.062953 0.020430
-0.062794 0.021331
-0.058872 0.020693
-0.052677 0.022929
-0.044846 0.024435
-0.017597 0.028806
-0.016115 0.025785
-0.021127 0.014555
-0.026158 0.007497
-0.029755 0.008545
-0.037941 0.013583
-0.041078 0.021506
-0.044522 0.024845
-0.054289 0.018095
-0.056409 0.017513
-0.030833 0.030959
-0.025759 0.028280
-0.018063 0.023322
-0.011844 0.019995
-0.011200 0.022206
-0.015643 0.029878
-0.022370 0.037458
-0.025489 0.041209
-0.032051 0.048299
-0.027615 0.042018
-0.021047 0.033537
-0.017260 0.026435
-0.018700 0.019720
-0.023437 0.020027
-0.029166 0.023275
-0.038149 0.023809
-0.046385 0.002910
-0.028841 0.023685
0.002177 0.062191
0.042142 0.108507
0.083099 0.151882
0.108100 0.184880
0.133983 0.202908
0.146458 0.187908
0.058519 0.059977
-0.081567 0.057741
-0.030531 0.073996
0.008489 0.075063
-0.024913 0.058720
-0.005121 0.050869
0.012649 0.057245
0.043085 0.079629
0.082823 0.140344
0.086158 0.199104
0.106753 0.194365
0.101713 0.114571
0.016748 0.053335
-0.073375 0.051313
-0.081862 0.050376
-0.033167 0.041994
0.033692 0.099225
0.081389 0.132238
0.090882 0.164515
0.083321 0.175937
0.096470 0.156194
0.128528 0.143567
0.137861 0.174944
0.115785 0.219767
0.141943 0.212270
0.062713 0.146395
-0.036867 0.066687
-0.090368 0.016549
-0.083799 0.008068
-0.064246 0.017397
-0.066372 0.018206
-0.082506 0.011101
-0.090711 0.020311
-0.063351 0.036710
-0.022119 0.054559
0.005743 0.068097
0.011785 0.068041
-0.004012 0.058564
-0.032376 0.047888
-0.050790 0.039300
-0.034920 0.032086
-0.029203 0.031620
-0.029037 0.031130
-0.032291 0.028416
-0.039148 0.028141
-0.048780 0.027854
-0.057107 0.027819
-0.064607 0.025332
-0.075502 0.015058
-0.067996 0.016154
-0.056421 0.020294
-0.045673 0.026886
-0.037034 0.030114
-0.035753 0.035928
-0.037242 0.040340
-0.038228 0.041890
-0.019270 0.037881
-0.017781 0.033469
-0.019705 0.025443
-0.026047 0.019525
-0.030110 0.015089
-0.033554 0.018429
-0.037328 0.022749
-0.038333 0.028472
-0.040098 0.021346
-0.044509 0.022064
-0.030833 0.030959
-0.026415 0.028850
-0.019044 0.023482
-0.015759 0.019241
-0.012181 0.022366
-0.016788 0.030528
-0.023847 0.039088
-0.027131 0.043329
-0.030587 0.049450
-0.026641 0.043249
-0.023994 0.035406
-0.019387 0.027244
-0.019362 0.021681
-0.025232 0.019855
-0.029166 0.023275
-0.037346 0.026922
-0.044503 0.020673
-0.030839 0.032349
0.000069 0.058827
0.034065 0.088509
0.068889 0.115740
0.096892 0.134350
0.112854 0.143337
0.110605 0.134900
0.049267 0.084647
-0.083724 0.065504
-0.038896 0.045242
-0.012181 0.022366
-0.033211 0.014667
0.000038 0.028718
0.005933 0.062043
0.030965 0.088086
0.046553 0.070726
0.019660 0.096874
-0.019041 0.097608
-0.049227 0.055261
-0.077310 0.017669
-0.099038 0.020276
-0.094858 0.035348
-0.070581 0.047152
0.000928 0.086485
0.100152 0.135673
0.155619 0.184101
0.129737 0.203136
0.101703 0.191479
0.126238 0.181930
0.146287 0.189789
0.143279 0.205566
0.167084 0.213277
0.121703 0.173402
0.058074 0.124448
0.022607 0.095005
0.010732 0.084891
-0.011714 0.064913
-0.063474 0.027464
-0.105154 -0.000041
-0.095092 0.014074
-0.065919 0.026472
-0.028596 0.042177
0.000896 0.056376
0.011656 0.060186
-0.003846 0.058074
-0.031880 0.046418
-0.047364 0.040133
-0.031028 0.038403
-0.026617 0.037686
-0.027750 0.035554
-0.035410 0.032166
-0.043719 0.027958
-0.059062 0.026747
-0.070962 0.022196
-0.078309 0.022001
-0.077144 0.017178
-0.069798 0.017374
-0.055122 0.021936
-0.043719 0.027958
-0.036390 0.032326
-0.031519 0.038483
-0.034803 0.042723
-0.038718 0.041970
-0.031028 0.038403
-0.035416 0.033557
-0.035061 0.027013
-0.038952 0.020697
-0.040239 0.016273
-0.040906 0.019625
-0.041734 0.022076
-0.046979 0.026635
-0.080423 0.020028
-0.089565 0.019662
-0.030851 0.035131
-0.025931 0.030161
-0.019374 0.024462
-0.015122 0.022844
-0.016433 0.023984
-0.020060 0.031987
-0.026954 0.040057
-0.031224 0.045848
-0.034502 0.048697
-0.029907 0.043317
-0.024484 0.035486
-0.019387 0.027244
-0.019362 0.021681
-0.024417 0.020186
-0.028186 0.023115
-0.034092 0.029636
-0.037732 0.040420
-0.027309 0.046601
-0.007897 0.050857
0.010841 0.059855
0.031571 0.061580
0.042839 0.061138
0.049549 0.057730
0.050854 0.057981
0.022723 0.068579
-0.081898 0.058721
-0.037560 0.038539
-0.004533 0.028535
-0.005373 0.033768
0.018384 0.052606
0.006020 0.079634
0.051327 0.099137
0.112559 0.098909
0.024947 0.082579
-0.078380 0.075754
-0.115421 0.070196
-0.102107 0.049962
-0.074454 0.036663
-0.051714 0.064005
-0.026259 0.105268
0.048870 0.100927
0.107333 0.136359
0.124111 0.182739
0.106704 0.205492
0.118499 0.196624
0.154810 0.182380
0.141139 0.172094
0.101274 0.177650
0.153591 0.199720
0.156073 0.192367
0.148284 0.181124
0.134773 0.171739
0.099754 0.151953
0.032528 0.104047
-0.057646 0.039025
-0.117219 -0.004102
-0.091471 0.007463
-0.066219 0.020498
-0.032812 0.035450
-0.006083 0.046855
0.000112 0.049091
-0.012615 0.046991
-0.034460 0.038961
-0.049644 0.038651
-0.034000 0.045836
-0.032039 0.045517
-0.035618 0.042392
-0.043915 0.035402
-0.058909 0.029038
-0.074552 0.021853
-0.091513 0.017199
-0.077298 0.014887
-0.077647 0.020040
-0.065245 0.021729
-0.056274 0.023977
-0.046341 0.030238
-0.040489 0.036235
-0.035440 0.039121
-0.034803 0.042723
-0.037413 0.042221
-0.050790 0.039300
-0.053051 0.033645
-0.053020 0.026691
-0.048750 0.020900
-0.047751 0.016568
-0.045802 0.019031
-0.044509 0.022064
-0.051053 0.024981
-0.089069 0.018191
-0.100331 0.017243
-0.026935 0.035884
-0.023982 0.032624
-0.020208 0.028304
-0.016108 0.024394
-0.021188 0.028464
-0.024154 0.034505
-0.030716 0.041595
-0.035801 0.047055
-0.037768 0.048765
-0.032517 0.042815
-0.025790 0.035235
-0.019387 0.027244
-0.019362 0.021681
-0.020661 0.020039
-0.026715 0.022876
-0.029846 0.029408
-0.030893 0.044867
-0.026163 0.045951
-0.019950 0.044014
-0.010789 0.040208
-0.008155 0.035147
-0.008614 0.028272
-0.012836 0.022936
-0.013474 0.019333
-0.020147 0.014395
-0.089767 0.028497
-0.034533 0.055652
0.012815 0.093818
0.046818 0.122109
0.065733 0.127835
0.038852 0.114138
0.099606 0.111208
0.172304 0.177218
0.049894 0.128094
-0.050880 0.097227
-0.049305 0.110406
-0.042675 0.088016
-0.065017 0.044394
-0.047131 0.061407
0.024134 0.119311
0.092075 0.115675
0.096297 0.121011
0.058699 0.130832
0.026996 0.136914
0.065035 0.138141
0.126910 0.140124
0.118393 0.146142
0.063804 0.158263
0.098621 0.186884
0.127837 0.189546
0.150711 0.186289
0.146195 0.173588
0.100936 0.142958
0.022779 0.093124
-0.054197 0.034295
-0.099431 -0.001899
-0.082647 0.006028
-0.061801 0.018390
-0.035876 0.026682
-0.016647 0.035601
-0.010287 0.037347
-0.021237 0.039590
-0.037879 0.036737
-0.049797 0.036359
-0.037303 0.054249
-0.036488 0.054580
-0.042168 0.046701
-0.050624 0.038810
-0.068707 0.029242
-0.088266 0.021304
-0.104246 0.016490
-0.107666 0.014266
-0.071299 0.024567
-0.062984 0.027385
-0.056139 0.030441
-0.049773 0.030796
-0.043265 0.036223
-0.039362 0.039758
-0.039362 0.039758
-0.037413 0.042221
-0.054055 0.039368
-0.053051 0.033645
-0.053020 0.026691
-0.046464 0.020992
-0.043014 0.016261
-0.038456 0.019226
-0.034718 0.023251
-0.030312 0.023924
-0.050024 0.013695
-0.051973 0.011232
-0.026457 0.038586
-0.024644 0.034585
-0.019889 0.030105
-0.020367 0.027403
-0.019074 0.030436
-0.027591 0.036454
-0.039215 0.043441
-0.042015 0.048992
-0.041849 0.048502
-0.035783 0.042883
-0.027910 0.034653
-0.020367 0.027403
-0.015441 0.021043
-0.019681 0.019879
-0.023449 0.022808
-0.026090 0.029261
-0.031028 0.038403
-0.027928 0.038825
-0.026286 0.036705
-0.026935 0.035884
-0.029711 0.035872
-0.037873 0.035347
-0.047021 0.036371
-0.053706 0.034215
-0.064044 0.008562
-0.100490 0.016342
-0.035495 0.051638
0.027271 0.111389
0.095116 0.167070
0.111023 0.188574
0.067677 0.168752
0.128179 0.148720
0.114981 0.179591
-0.006718 0.117379
-0.029268 0.083983
0.054568 0.104633
0.047577 0.097894
-0.054962 0.059900
-0.042584 0.067153
0.072142 0.118453
0.079104 0.132147
0.085095 0.106154
0.041828 0.068251
-0.025703 0.052826
-0.029337 0.062219
0.036161 0.094654
0.078803 0.126173
0.067431 0.150260
0.028326 0.168665
0.061801 0.168318
0.094178 0.157493
0.085488 0.128329
0.037000 0.089421
-0.018994 0.049418
-0.045490 0.022223
-0.052451 0.008530
-0.063070 0.009793
-0.053309 0.017935
-0.031617 0.023673
-0.021188 0.028464
-0.016807 0.034700
-0.024650 0.035976
-0.034448 0.036179
-0.044245 0.036383
-0.036163 0.054990
-0.036494 0.055970
-0.042015 0.048992
-0.050796 0.040691
-0.068559 0.032924
-0.088437 0.023185
-0.104087 0.017390
-0.105876 0.015828
-0.064135 0.029425
-0.055992 0.034123
-0.055024 0.036746
-0.051102 0.036108
-0.047524 0.039232
-0.043602 0.038595
-0.039362 0.039758
-0.037401 0.039439
-0.046543 0.039073
-0.044233 0.033601
-0.043222 0.026487
-0.040422 0.020936
-0.034362 0.016707
-0.029803 0.019672
-0.026225 0.022797
-0.026237 0.025578
-0.033388 0.017939
-0.033547 0.017038
-0.026298 0.039487
-0.024815 0.036466
-0.019736 0.032397
-0.019730 0.031006
-0.025287 0.032373
-0.034294 0.038471
-0.042817 0.045880
-0.048553 0.050519
-0.045605 0.048650
-0.039215 0.043441
-0.030195 0.034561
-0.021347 0.027563
-0.015441 0.021043
-0.016740 0.019401
-0.020349 0.023231
-0.024288 0.028041
-0.033774 0.031437
-0.034105 0.032417
-0.030833 0.030959
-0.030839 0.032349
-0.034129 0.037981
-0.043804 0.047430
-0.050709 0.058282
-0.061824 0.061016
-0.087756 0.054115
-0.104166 0.035472
-0.038847 0.034115
0.027919 0.075146
0.114171 0.140806
0.115919 0.189168
0.045361 0.193693
0.108131 0.177925
0.074203 0.170007
-0.003850 0.133591
0.032951 0.119267
0.157438 0.141646
0.162395 0.165394
0.059374 0.163153
0.046966 0.162854
0.131182 0.171397
0.089956 0.152157
0.069593 0.104043
0.016730 0.057508
-0.031200 0.040284
-0.007946 0.061984
0.060622 0.101795
0.073540 0.134905
0.026297 0.147220
-0.024451 0.139721
0.023859 0.144837
0.072505 0.147582
0.061352 0.121598
0.004077 0.075780
-0.037229 0.037558
-0.030294 0.019752
-0.010202 0.017874
-0.041715 0.017903
-0.040576 0.018644
-0.024589 0.022067
-0.021838 0.027643
-0.019730 0.031006
-0.024975 0.035565
-0.027113 0.039156
-0.033161 0.040603
-0.031904 0.051981
-0.032241 0.054352
-0.035642 0.047956
-0.043614 0.041376
-0.059264 0.035582
-0.074902 0.027006
-0.091219 0.024564
-0.092199 0.024723
-0.055018 0.035355
-0.049484 0.039551
-0.055685 0.038707
-0.055685 0.038707
-0.054380 0.038958
-0.046543 0.039073
-0.040177 0.039428
-0.037401 0.039439
-0.043602 0.038595
-0.044233 0.033601
-0.044203 0.026647
-0.043198 0.020924
-0.042199 0.016592
-0.037641 0.019557
-0.036348 0.022590
-0.040943 0.027970
-0.059699 0.023144
-0.061005 0.022893
-0.023859 0.041870
-0.024497 0.038267
-0.019754 0.036570
-0.020710 0.031166
-0.027426 0.035964
-0.036586 0.039770
-0.045440 0.048159
-0.047584 0.053141
-0.049852 0.048877
-0.040685 0.043680
-0.032156 0.034880
-0.022652 0.027312
-0.015441 0.021043
-0.015759 0.019241
-0.016102 0.023004
-0.023639 0.028862
-0.039515 0.037467
-0.040649 0.035335
-0.033112 0.029476
-0.027720 0.028599
-0.027567 0.030891
-0.033308 0.036921
-0.038259 0.048845
-0.049079 0.058944
-0.089974 0.075787
-0.094110 0.050978
-0.039350 0.036977
0.013016 0.047919
0.085886 0.112049
0.070501 0.157637
-0.024176 0.114195
0.046015 0.118996
0.113174 0.182201
0.090098 0.194293
0.103027 0.187558
0.166722 0.184149
0.196165 0.209475
0.153948 0.230239
0.093150 0.205843
0.067223 0.160487
0.078375 0.149407
0.066732 0.123503
0.041505 0.104904
0.044226 0.117434
0.115269 0.151283
0.161875 0.172428
0.090875 0.165906
-0.026264 0.143723
-0.032877 0.087813
0.058643 0.106287
0.127212 0.183161
0.124436 0.183150
0.051175 0.133909
-0.008000 0.074501
-0.008970 0.034816
0.012807 0.021082
-0.021807 0.020688
-0.026715 0.022876
-0.020012 0.020860
-0.020698 0.028384
-0.019748 0.035179
-0.020416 0.038530
-0.020765 0.043683
-0.023553 0.046453
-0.026984 0.047011
-0.026825 0.047912
-0.027946 0.042998
-0.035128 0.042313
-0.043927 0.038184
-0.059264 0.035582
-0.071501 0.033403
-0.074767 0.033470
-0.048675 0.041273
-0.048516 0.042174
-0.054068 0.042150
-0.059607 0.039344
-0.058627 0.039185
-0.049484 0.039551
-0.041807 0.038766
-0.038216 0.039109
-0.055851 0.039197
-0.059583 0.033781
-0.062818 0.026894
-0.064424 0.020669
-0.066366 0.016816
-0.067684 0.019346
-0.067046 0.022949
-0.071311 0.027349
-0.074748 0.029298
-0.069528 0.030302
-0.023859 0.041870
-0.024337 0.039168
-0.022364 0.036068
-0.024803 0.033684
-0.029062 0.036693
-0.038063 0.041400
-0.046586 0.048809
-0.052156 0.052958
-0.047719 0.046677
-0.039043 0.041560
-0.031991 0.034390
-0.024779 0.028121
-0.019852 0.021760
-0.020012 0.020860
-0.019705 0.025443
-0.026255 0.029751
-0.041004 0.041879
-0.039196 0.039268
-0.032953 0.030377
-0.026881 0.023366
-0.024914 0.021657
-0.025263 0.026810
-0.026917 0.031712
-0.036733 0.036088
-0.089380 0.052062
-0.078442 0.052600
-0.023007 0.070919
0.018754 0.117407
0.083388 0.160638
0.035274 0.148077
-0.071163 0.068095
0.003580 0.040188
0.150300 0.168288
0.151747 0.210675
0.108848 0.200510
0.078498 0.158653
0.116678 0.164953
0.133046 0.193332
0.015598 0.129502
-0.109165 0.058523
0.009863 0.134141
0.090458 0.149295
0.140845 0.164729
0.165975 0.205582
0.186270 0.231932
0.179438 0.226094
0.094534 0.188012
-0.004720 0.145778
-0.005959 0.093165
0.089006 0.145362
0.183065 0.218091
0.191613 0.242182
0.124480 0.210477
0.049220 0.132837
0.018206 0.055877
0.015766 0.016431
-0.017744 0.025124
-0.023149 0.028782
-0.021029 0.029364
-0.017769 0.030687
-0.017793 0.036251
-0.017811 0.040423
-0.018816 0.046146
-0.020464 0.049657
-0.026151 0.043169
-0.023700 0.042771
-0.025330 0.042109
-0.028920 0.041767
-0.037579 0.042711
-0.048835 0.040372
-0.058798 0.041066
-0.060103 0.040815
-0.042481 0.043509
-0.046231 0.042265
-0.053087 0.041990
-0.057989 0.042788
-0.059607 0.039344
-0.051770 0.039460
-0.043602 0.038595
-0.042285 0.036064
-0.070220 0.039217
-0.077542 0.033458
-0.081427 0.025751
-0.086299 0.019594
-0.089553 0.016880
-0.092010 0.018669
-0.093983 0.021770
-0.089105 0.026536
-0.055655 0.031752
-0.045538 0.033350
-0.026776 0.036785
-0.026935 0.035884
-0.026298 0.039487
-0.030213 0.038734
-0.031041 0.041185
-0.033982 0.041663
-0.036439 0.043453
-0.035618 0.042392
-0.027573 0.032282
-0.025600 0.029181
-0.027070 0.029420
-0.031813 0.031118
-0.035416 0.033557
-0.037867 0.033956
-0.042291 0.037455
-0.039013 0.034605
-0.018033 0.016368
-0.022622 0.020357
-0.031145 0.027766
-0.041464 0.035004
-0.045746 0.043576
-0.041286 0.031732
-0.042468 0.040727
-0.054864 0.037646
-0.125710 0.033416
-0.046236 0.080719
0.074778 0.150455
0.139553 0.198760
0.141140 0.209157
0.103872 0.180934
0.073620 0.153887
0.091536 0.126882
0.128320 0.153794
0.112769 0.162809
0.121317 0.186900
0.084306 0.137324
0.117370 0.156038
0.141318 0.205885
-0.016682 0.118073
-0.122940 0.071882
0.040214 0.175998
0.120037 0.181085
0.164731 0.191422
0.164805 0.211795
0.133584 0.182125
0.094122 0.132947
0.067786 0.143716
0.060233 0.190811
0.089485 0.185127
0.085318 0.167273
0.092322 0.171230
0.132979 0.208631
0.172704 0.235065
0.150656 0.198807
0.074862 0.093920
-0.004779 0.010043
-0.030330 0.028097
-0.028890 0.034812
-0.026445 0.035805
-0.024975 0.035565
-0.025465 0.035645
-0.027756 0.036944
-0.035759 0.037319
-0.037560 0.038539
-0.028920 0.041767
-0.026960 0.041448
-0.031230 0.047239
-0.037768 0.048765
-0.041855 0.049893
-0.046604 0.052982
-0.051831 0.053368
-0.050023 0.050758
-0.035446 0.040511
-0.037401 0.039439
-0.047524 0.039232
-0.054380 0.038958
-0.059607 0.039344
-0.058627 0.039185
-0.054380 0.038958
-0.052095 0.039049
-0.072505 0.039125
-0.082113 0.033275
-0.091875 0.025133
-0.098211 0.017825
-0.102929 0.013959
-0.099994 0.014872
-0.094130 0.018088
-0.084828 0.019355
-0.057230 0.018573
-0.052169 0.018676
-0.031519 0.038483
-0.031519 0.038483
-0.031519 0.038483
-0.026298 0.039487
-0.025477 0.038427
-0.026445 0.035805
-0.026280 0.035314
-0.025134 0.034665
-0.021188 0.028464
-0.020042 0.027814
-0.023798 0.027961
-0.027076 0.030811
-0.030833 0.030959
-0.038038 0.035837
-0.039509 0.036076
-0.036893 0.035187
-0.013443 0.012379
-0.015753 0.017851
-0.026403 0.026068
-0.037891 0.039519
-0.042321 0.044409
-0.040845 0.042779
-0.038057 0.040009
-0.045250 0.042106
-0.082879 0.058881
-0.023882 0.084497
0.053711 0.114038
0.086953 0.129480
0.081046 0.136000
0.081653 0.146558
0.112065 0.174506
0.138769 0.191475
0.088620 0.158860
0.019004 0.097444
0.071555 0.140787
0.118780 0.169707
0.164045 0.198946
0.154749 0.196288
0.050396 0.125233
0.047216 0.142892
0.095894 0.175746
0.108246 0.151499
0.093749 0.143664
0.062523 0.152448
0.034881 0.125903
0.040420 0.091645
0.084324 0.133151
0.128420 0.205666
0.143450 0.203685
0.088663 0.149124
0.038239 0.104972
0.045059 0.113592
0.084251 0.149841
0.089331 0.145772
0.037025 0.083858
-0.021329 0.023390
-0.034448 0.036179
-0.030213 0.038734
-0.024827 0.039248
-0.021396 0.038690
-0.023847 0.039088
-0.027113 0.039156
-0.035440 0.039121
-0.036421 0.039280
-0.028920 0.041767
-0.026960 0.041448
-0.033516 0.047147
-0.038087 0.046964
-0.042670 0.049562
-0.046592 0.050200
-0.050538 0.056401
-0.048565 0.053301
-0.034141 0.040762
-0.039196 0.039268
-0.046543 0.039073
-0.053075 0.039209
-0.059607 0.039344
-0.055685 0.038707
-0.050465 0.039711
-0.049484 0.039551
-0.052095 0.039049
-0.058602 0.033621
-0.066574 0.027042
-0.071771 0.020474
-0.078627 0.020199
-0.074546 0.020462
-0.067555 0.027201
-0.060876 0.030748
-0.049902 0.022941
-0.046636 0.022873
-0.034803 0.042723
-0.031041 0.041185
-0.030373 0.037833
-0.026114 0.034824
-0.019895 0.031496
-0.016611 0.027256
-0.015618 0.024315
-0.011850 0.021385
-0.012506 0.021955
-0.011366 0.022697
-0.015471 0.027997
-0.020042 0.027814
-0.022659 0.028703
-0.027426 0.035964
-0.031182 0.036112
-0.030189 0.033170
-0.008719 0.014853
-0.008241 0.017555
-0.016268 0.023494
-0.025446 0.031473
-0.030207 0.037343
-0.031188 0.037502
-0.029062 0.036693
-0.027615 0.042018
-0.027449 0.078591
-0.008160 0.073601
0.004346 0.051645
0.000025 0.031500
-0.001984 0.042946
0.037172 0.087540
0.117162 0.166264
0.167403 0.215079
0.075385 0.161012
-0.039337 0.034195
0.033747 0.086707
0.143334 0.193049
0.169952 0.229490
0.108020 0.165898
0.069367 0.118442
0.183249 0.213429
0.148278 0.182515
0.093533 0.118218
0.014984 0.083273
-0.051131 0.080126
-0.065440 0.066237
-0.009232 0.057560
0.092712 0.119278
0.170399 0.202083
0.160668 0.186987
0.080175 0.111124
-0.009294 0.034405
-0.040410 0.018154
-0.018497 0.047948
0.000327 0.074537
-0.017572 0.060306
-0.042763 0.033362
-0.034141 0.040762
-0.026960 0.041448
-0.020759 0.042293
-0.015857 0.041495
-0.016837 0.041655
-0.019778 0.042133
-0.027125 0.041938
-0.029901 0.041926
-0.026960 0.041448
-0.026960 0.041448
-0.032842 0.042404
-0.038087 0.046964
-0.042009 0.047601
-0.046592 0.050200
-0.050513 0.050838
-0.048565 0.053301
-0.038712 0.040579
-0.040992 0.039097
-0.047524 0.039232
-0.054380 0.038958
-0.059607 0.039344
-0.055685 0.038707
-0.050465 0.039711
-0.043767 0.039085
-0.029398 0.039065
-0.031991 0.034390
-0.038173 0.029373
-0.043878 0.027057
-0.045030 0.029098
-0.045379 0.034251
-0.042309 0.041627
-0.039055 0.044341
-0.039981 0.031983
-0.039650 0.031003
-0.033001 0.041504
-0.030373 0.037833
-0.025955 0.035725
-0.019877 0.027324
-0.011531 0.023187
-0.008235 0.016165
-0.002175 0.011936
-0.002328 0.009644
-0.004491 0.018799
-0.004999 0.023051
-0.008755 0.023199
-0.012205 0.027929
-0.020042 0.027814
-0.023486 0.031154
-0.026096 0.030652
-0.024313 0.033605
-0.005306 0.018468
-0.005300 0.017077
-0.009234 0.020497
-0.012512 0.023346
-0.016611 0.027256
-0.019399 0.030026
-0.020545 0.030675
-0.018767 0.035019
-0.007419 0.053559
-0.008179 0.040710
-0.020625 0.011693
-0.039290 -0.013995
-0.035086 -0.004487
0.012851 0.048409
0.092988 0.130815
0.144822 0.188637
0.071898 0.137025
-0.027138 0.007656
0.034187 0.060691
0.114062 0.165842
0.091587 0.189882
0.011229 0.120483
0.008783 0.082428
0.173150 0.207658
0.168438 0.202402
0.096297 0.121011
-0.005623 0.053730
-0.067585 0.034156
-0.100533 0.026078
-0.032426 0.021952
0.070481 0.087683
0.132358 0.163793
0.105366 0.138068
0.039040 0.071021
-0.034957 0.003368
-0.064443 -0.012221
-0.048707 0.011164
-0.030857 0.036522
-0.039503 0.034685
-0.056581 0.019394
-0.036751 0.040260
-0.027940 0.041607
-0.020759 0.042293
-0.016837 0.041655
-0.011941 0.042248
-0.016837 0.041655
-0.023534 0.042281
-0.026145 0.041779
-0.026298 0.039487
-0.026298 0.039487
-0.032842 0.042404
-0.037413 0.042221
-0.042009 0.047601
-0.047229 0.046597
-0.050513 0.050838
-0.048871 0.048717
-0.041488 0.040567
-0.042787 0.038925
-0.049484 0.039551
-0.055685 0.038707
-0.055685 0.038707
-0.050465 0.039711
-0.046543 0.039073
-0.040992 0.039097
-0.024337 0.039168
-0.023669 0.035816
-0.026102 0.032042
-0.029852 0.030799
-0.034282 0.035689
-0.035305 0.045585
-0.034367 0.055161
-0.033240 0.058684
-0.032346 0.040934
-0.032499 0.038642
-0.025134 0.034665
-0.022842 0.033365
-0.018572 0.027575
-0.011531 0.023187
-0.008235 0.016165
-0.001507 0.008584
0.003248 0.004105
0.005699 0.003706
0.000246 0.018492
-0.004656 0.019289
-0.007941 0.023529
-0.011200 0.022206
-0.017757 0.027906
-0.022328 0.027722
-0.023651 0.031644
-0.022009 0.029524
-0.008094 0.021238
-0.005300 0.017077
-0.003995 0.017328
-0.005140 0.017978
-0.008247 0.018946
-0.010048 0.020166
-0.010545 0.021636
-0.016433 0.023984
-0.020098 0.003268
-0.020104 0.004659
-0.021256 0.006700
-0.025153 0.001774
-0.019295 0.006381
0.002807 0.030121
0.046014 0.081933
0.067087 0.116959
0.010677 0.097409
-0.043039 0.021825
0.019457 0.068646
0.030414 0.102075
-0.008931 0.100597
-0.043080 0.068624
-0.033308 0.036921
0.106837 0.137829
0.148782 0.216717
0.095746 0.135000
0.009720 0.054941
-0.052070 0.033486
-0.061146 0.017820
-0.026808 0.006676
0.019076 0.043690
0.053907 0.106594
0.019917 0.075521
-0.012591 0.041428
-0.036317 0.015635
-0.032732 0.017369
-0.012401 0.035374
-0.008669 0.040790
-0.031115 0.020812
-0.054057 0.002305
-0.040649 0.035335
-0.035287 0.041412
-0.026960 0.041448
-0.020918 0.041392
-0.016672 0.041165
-0.016996 0.040754
-0.021898 0.041551
-0.023859 0.041870
-0.026776 0.036785
-0.026298 0.039487
-0.033479 0.038802
-0.037413 0.042221
-0.041984 0.042038
-0.047229 0.046597
-0.051151 0.047235
-0.049852 0.048877
-0.044264 0.040555
-0.046543 0.039073
-0.051770 0.039460
-0.055685 0.038707
-0.055685 0.038707
-0.049484 0.039551
-0.043602 0.038595
-0.039362 0.039758
-0.036421 0.039280
-0.035275 0.038630
-0.034448 0.036179
-0.035753 0.035928
-0.039196 0.039268
-0.040857 0.045561
-0.043032 0.057497
-0.043369 0.059868
-0.033191 0.047557
-0.030900 0.046258
-0.015453 0.023825
-0.012169 0.019584
-0.008247 0.018946
-0.004154 0.016428
-0.001507 0.008584
0.003248 0.004105
0.008481 0.002327
0.006851 0.001666
-0.002022 0.014228
-0.005637 0.019448
-0.009068 0.020006
-0.012181 0.022366
-0.019368 0.023071
-0.023798 0.027961
-0.025759 0.028280
-0.025759 0.028280
-0.015116 0.021453
-0.011832 0.017213
-0.005435 0.010613
-0.000367 0.009326
-0.001348 0.009485
-0.006746 0.011753
-0.010208 0.019265
-0.017530 0.013507
-0.022244 -0.028813
-0.020693 -0.010070
-0.011513 0.019014
-0.005857 0.032456
-0.003069 0.029687
0.001165 0.032241
-0.000685 0.044588
-0.013307 0.055906
-0.068522 0.061642
-0.085398 0.037516
-0.021070 0.076164
-0.023712 0.045553
-0.036341 0.021199
-0.025428 0.027300
-0.015846 0.001650
0.071191 0.074595
0.098468 0.184593
0.064324 0.114165
0.016282 0.047851
-0.010801 0.042990
-0.013381 0.035533
-0.004289 0.009963
-0.011354 0.019915
-0.020470 0.051048
-0.041782 0.033203
-0.041262 0.026168
-0.026586 0.030731
-0.002321 0.045317
0.011203 0.051920
0.009916 0.047497
-0.019840 0.018978
-0.047341 -0.002494
-0.049760 0.028014
-0.042934 0.035243
-0.035263 0.035849
-0.027260 0.035474
-0.022199 0.035577
-0.020894 0.035828
-0.024319 0.034996
-0.026286 0.036705
-0.026935 0.035884
-0.026935 0.035884
-0.033467 0.036020
-0.037401 0.039439
-0.041984 0.042038
-0.045906 0.042676
-0.051151 0.047235
-0.051145 0.045844
-0.046384 0.039974
-0.049484 0.039551
-0.054380 0.038958
-0.058627 0.039185
-0.055685 0.038707
-0.047524 0.039232
-0.040177 0.039428
-0.037401 0.039439
-0.042965 0.042197
-0.043443 0.039495
-0.040980 0.036315
-0.039975 0.030592
-0.041139 0.035414
-0.044435 0.042437
-0.053124 0.050336
-0.054116 0.053277
-0.036623 0.048115
-0.032211 0.047398
0.000288 0.008756
-0.000692 0.008915
0.001263 0.009987
0.003389 0.009178
0.004535 0.008528
0.004559 0.002965
0.004559 0.002965
0.001936 0.005245
-0.006593 0.014044
-0.006593 0.014044
-0.011354 0.019915
-0.014454 0.019492
-0.023449 0.022808
-0.026715 0.022876
-0.030165 0.027607
-0.030165 0.027607
-0.023609 0.021908
-0.015753 0.017851
-0.008370 0.009700
-0.001158 0.003431
0.000319 0.001801
-0.006728 0.007580
-0.008541 0.011581
-0.013927 0.011068
-0.001208 -0.022505
-0.006354 -0.003136
-0.012040 0.027439
-0.009968 0.039148
-0.007812 0.031384
-0.013823 0.024486
-0.027224 0.027129
-0.042775 0.036144
-0.063712 0.044645
-0.088278 0.024085
-0.034569 0.063997
-0.026243 0.026969
-0.027090 -0.003471
0.006360 0.001745
-0.006973 -0.010912
0.043170 0.060157
0.036891 0.114457
0.005326 0.051486
-0.018364 0.017348
-0.015385 0.045588
0.001871 0.057608
0.007084 0.022939
-0.016017 0.003531
-0.038455 0.019226
-0.035202 0.021940
-0.032095 0.020971
-0.023449 0.022808
-0.011886 0.029731
-0.003418 0.034840
-0.006678 0.033517
-0.024270 0.023869
-0.043014 0.016261
-0.059050 0.023965
-0.055147 0.027500
-0.042573 0.027308
-0.035226 0.027503
-0.027714 0.027208
-0.026574 0.027950
-0.029999 0.027117
-0.031151 0.029157
-0.026911 0.030321
-0.026935 0.035884
-0.033467 0.036020
-0.037401 0.039439
-0.042622 0.038435
-0.045906 0.042676
-0.051126 0.041672
-0.051126 0.041672
-0.050465 0.039711
-0.051770 0.039460
-0.055685 0.038707
-0.059607 0.039344
-0.055685 0.038707
-0.045563 0.038914
-0.038381 0.039599
-0.034141 0.040762
-0.042989 0.047761
-0.041169 0.042369
-0.035593 0.036829
-0.030667 0.030468
-0.035398 0.029384
-0.042591 0.031481
-0.050777 0.036519
-0.054877 0.040428
-0.041163 0.040978
-0.038718 0.041970
0.009124 0.004539
0.004222 0.005336
0.000950 0.006795
-0.000367 0.009326
-0.001017 0.008505
0.000607 0.010557
-0.001997 0.008664
-0.004773 0.008652
-0.013792 0.017532
-0.015110 0.020062
-0.019025 0.019309
-0.021482 0.021099
-0.027046 0.023857
-0.030808 0.025395
-0.034092 0.029636
-0.033112 0.029476
-0.025263 0.026810
-0.017879 0.018660
-0.010325 0.008628
-0.005233 0.001778
-0.002120 -0.000582
-0.008352 0.005528
-0.014424 0.012538
-0.013449 0.013770
0.021563 -0.002117
0.007788 0.011242
-0.016611 0.027256
-0.028057 0.030970
-0.026219 0.021406
-0.027346 0.017883
-0.034086 0.028245
-0.035930 0.039200
-0.007205 0.041941
-0.050502 0.010993
-0.017682 0.048278
-0.005851 0.031066
0.008965 0.003638
0.012911 -0.002563
-0.024633 -0.005260
0.011289 0.069511
-0.009692 0.050685
-0.037053 -0.002777
-0.054492 -0.010133
-0.040011 0.038937
-0.008767 0.063044
0.007213 0.030794
-0.006213 0.001937
-0.023211 0.005628
-0.006825 0.029834
-0.011372 0.024087
-0.023707 0.007098
-0.032488 -0.001203
-0.037898 0.003847
-0.038927 0.015133
-0.038994 0.030433
-0.043100 0.035733
-0.061819 0.022562
-0.059197 0.020283
-0.048909 0.019999
-0.039277 0.020286
-0.035520 0.020139
-0.033235 0.020230
-0.034540 0.019979
-0.034221 0.021780
-0.026752 0.031221
-0.026923 0.033103
-0.032162 0.036271
-0.037720 0.037638
-0.041807 0.038766
-0.044925 0.042516
-0.048516 0.042174
-0.049821 0.041923
-0.050796 0.040691
-0.055367 0.040508
-0.056347 0.040667
-0.057328 0.040827
-0.053406 0.040189
-0.044264 0.040555
-0.037407 0.040830
-0.031041 0.041185
-0.034178 0.049108
-0.031047 0.042576
-0.026126 0.037606
-0.023970 0.029843
-0.025263 0.026810
-0.033100 0.026694
-0.042585 0.030090
-0.049135 0.034398
-0.041807 0.038766
-0.040992 0.039097
0.002170 0.026518
-0.019576 0.033298
-0.039834 0.035665
-0.045569 0.040304
-0.028890 0.034812
-0.013829 0.025877
-0.012328 0.018683
-0.021617 0.014635
-0.036911 0.039360
-0.038724 0.043361
-0.038724 0.043361
-0.037891 0.039519
-0.037732 0.040420
-0.037732 0.040420
-0.035759 0.037319
-0.033473 0.037411
-0.022340 0.030504
-0.016740 0.019401
-0.014075 0.007385
-0.010294 0.001674
-0.010613 -0.000127
-0.014240 0.007875
-0.016899 0.018500
-0.016268 0.023494
0.005705 0.002315
0.001115 0.006305
-0.013480 0.020724
-0.026580 0.029340
-0.030845 0.033740
-0.029858 0.032190
-0.028216 0.030070
-0.026261 0.031142
-0.029245 0.041356
-0.032150 0.033489
-0.019068 0.029045
-0.010692 0.017954
-0.005760 0.010203
-0.007408 0.013714
-0.019828 0.016197
-0.014497 0.029229
-0.025091 0.024929
-0.027837 0.017962
-0.021777 0.013734
-0.022941 0.018556
-0.008890 0.016734
-0.009032 0.011661
-0.009485 0.003396
-0.010637 0.005436
-0.007126 0.023860
-0.006960 0.023370
-0.011519 0.020405
-0.015416 0.015479
-0.026029 0.015352
-0.039914 0.016683
-0.051188 0.018517
-0.057892 0.020534
-0.052990 0.019736
-0.051029 0.019418
-0.048088 0.018939
-0.043192 0.019533
-0.041397 0.019704
-0.039926 0.019465
-0.038786 0.020206
-0.034552 0.022761
-0.026782 0.038176
-0.031200 0.040284
-0.031200 0.040284
-0.034803 0.042723
-0.036108 0.042472
-0.040514 0.041799
-0.041004 0.041879
-0.043945 0.042357
-0.053112 0.047554
-0.055238 0.048363
-0.051972 0.048295
-0.049031 0.047817
-0.043479 0.047841
-0.037928 0.047864
-0.035967 0.047546
-0.030740 0.047159
-0.028075 0.035143
-0.026923 0.033103
-0.028896 0.036203
-0.028896 0.036203
-0.033149 0.037821
-0.035122 0.040922
-0.039693 0.040739
-0.039202 0.040659
-0.032168 0.037662
-0.029877 0.036363
-0.002879 0.023633
-0.023161 0.031564
-0.029699 0.033091
-0.050796 0.040691
-0.035606 0.039611
-0.022511 0.032385
-0.017248 0.023653
-0.023112 0.020437
-0.040685 0.043680
-0.042009 0.047601
-0.042009 0.047601
-0.040023 0.041719
-0.040023 0.041719
-0.040023 0.041719
-0.040023 0.041719
-0.034141 0.040762
-0.025453 0.032863
-0.019693 0.022661
-0.015386 0.008525
-0.008333 0.001355
-0.010944 0.000853
-0.013921 0.009677
-0.020673 0.022820
-0.019877 0.027324
-0.004448 0.009063
-0.008541 0.011581
-0.016268 0.023494
-0.025440 0.030082
-0.026911 0.030321
-0.016936 0.026845
-0.019534 0.023562
-0.019693 0.022661
-0.027083 0.032202
-0.026893 0.026148
-0.015435 0.019652
-0.009687 0.012231
-0.005275 0.011514
-0.009705 0.016404
-0.015435 0.019652
-0.018406 0.027085
-0.018388 0.022912
-0.017720 0.019560
-0.018700 0.019720
-0.012144 0.014021
-0.011967 0.010749
-0.016691 0.008274
-0.017653 0.004261
-0.016354 0.005903
-0.015428 0.018261
-0.013149 0.019743
-0.013149 0.019743
-0.014454 0.019492
-0.022457 0.019867
-0.034056 0.021290
-0.046636 0.022873
-0.052512 0.022438
-0.062279 0.015688
-0.063100 0.016748
-0.056568 0.016612
-0.051029 0.019418
-0.042714 0.022235
-0.035379 0.025212
-0.030820 0.028177
-0.027070 0.029420
-0.026617 0.037686
-0.031519 0.038483
-0.031519 0.038483
-0.035440 0.039121
-0.035440 0.039121
-0.039362 0.039758
-0.039362 0.039758
-0.044423 0.039655
-0.053081 0.040600
-0.055213 0.042799
-0.050967 0.042572
-0.046396 0.042755
-0.042150 0.042528
-0.035293 0.042803
-0.035293 0.042803
-0.031047 0.042576
-0.026923 0.033103
-0.026935 0.035884
-0.030857 0.036522
-0.032499 0.038642
-0.035440 0.039121
-0.040023 0.041719
-0.040023 0.041719
-0.040023 0.041719
-0.037566 0.039930
-0.035281 0.040021
0.000233 0.021274
-0.022144 0.023059
-0.035238 0.030285
-0.043915 0.035402
-0.031188 0.037502
-0.017787 0.034860
-0.017928 0.029787
-0.024295 0.029432
-0.037732 0.040420
-0.040023 0.041719
-0.040023 0.041719
-0.040023 0.041719
-0.040023 0.041719
-0.040023 0.041719
-0.040023 0.041719
-0.038878 0.041069
-0.028075 0.035143
-0.023627 0.026080
-0.016875 0.012937
-0.007040 0.004388
-0.009816 0.004376
-0.015894 0.012777
-0.023627 0.026080
-0.025287 0.032373
-0.017567 0.021852
-0.020845 0.024701
-0.018559 0.024793
-0.023810 0.030743
-0.022977 0.026901
-0.015287 0.023334
-0.011826 0.015822
-0.011979 0.013530
-0.016231 0.015149
-0.019975 0.012514
-0.011636 0.009768
-0.003952 0.007592
-0.004289 0.009963
-0.005300 0.017077
-0.008088 0.019847
-0.009583 0.025650
-0.007763 0.020257
-0.008578 0.019927
-0.011991 0.016312
-0.015092 0.015890
-0.021274 0.010872
-0.023885 0.010370
-0.026814 0.008067
-0.027794 0.008226
-0.026507 0.012650
-0.023094 0.016265
-0.020318 0.016276
-0.015759 0.019241
-0.020680 0.024211
-0.027230 0.028519
-0.035569 0.031266
-0.046997 0.030807
-0.077941 0.012675
-0.077114 0.010224
-0.068634 0.012551
-0.058217 0.020123
-0.043063 0.027388
-0.031819 0.032509
-0.024006 0.038188
-0.017640 0.038542
-0.025318 0.039328
-0.031519 0.038483
-0.031519 0.038483
-0.035440 0.039121
-0.035440 0.039121
-0.039362 0.039758
-0.039362 0.039758
-0.044742 0.037853
-0.052897 0.035937
-0.055183 0.035845
-0.050937 0.035618
-0.046690 0.035391
-0.042119 0.035574
-0.035587 0.035438
-0.035587 0.035438
-0.031022 0.037012
-0.030857 0.036522
-0.030857 0.036522
-0.032162 0.036271
-0.035440 0.039121
-0.038718 0.041970
-0.040023 0.041719
-0.042009 0.047601
-0.042009 0.047601
-0.044613 0.045708
-0.043963 0.046529
-0.003339 0.016758
-0.021789 0.016516
-0.041084 0.022897
-0.040122 0.026910
-0.016617 0.028647
-0.012560 0.034473
-0.017793 0.036251
-0.025955 0.035725
-0.034460 0.038961
-0.035440 0.039121
-0.038718 0.041970
-0.040023 0.041719
-0.040023 0.041719
-0.042009 0.047601
-0.042009 0.047601
-0.041512 0.046131
-0.035440 0.039121
-0.026586 0.030731
-0.016574 0.018911
-0.008695 0.009290
-0.009510 0.008959
-0.014129 0.019903
-0.026427 0.031632
-0.033149 0.037821
-0.030030 0.034071
-0.028884 0.033421
-0.026911 0.030321
-0.022977 0.026901
-0.015435 0.019652
-0.009540 0.015914
-0.005753 0.008812
-0.004265 0.004400
-0.012089 0.001503
-0.012089 0.001503
-0.008995 0.003316
-0.004595 0.005380
-0.004130 0.010864
-0.000073 0.016690
-0.000741 0.020042
-0.001893 0.022083
0.002047 0.017272
-0.000073 0.016690
-0.006605 0.016826
-0.012622 0.011319
-0.021274 0.010872
-0.028787 0.011167
-0.035318 0.011303
-0.037279 0.011622
-0.035306 0.008521
-0.031072 0.011076
-0.024895 0.017484
-0.019203 0.022581
-0.019717 0.028224
-0.021053 0.034928
-0.027272 0.038256
-0.037873 0.035347
-0.086403 0.006175
-0.088199 0.006004
-0.076471 0.012436
-0.062794 0.021331
-0.043235 0.029269
-0.028253 0.038415
-0.017836 0.045987
-0.012125 0.046911
-0.025636 0.037526
-0.030857 0.036522
-0.030857 0.036522
-0.036078 0.035518
-0.036078 0.035518
-0.039999 0.036156
-0.039999 0.036156
-0.044239 0.034992
-0.053357 0.029062
-0.055477 0.028480
-0.050581 0.029074
-0.046335 0.028847
-0.042414 0.028209
-0.035232 0.028894
-0.035232 0.028894
-0.030992 0.030058
-0.030857 0.036522
-0.032499 0.038642
-0.035440 0.039121
-0.038718 0.041970
-0.040023 0.041719
-0.042009 0.047601
-0.042009 0.047601
-0.044631 0.049881
-0.051831 0.053368
-0.053142 0.054508
-0.005784 0.015766
-0.021629 0.017416
-0.036985 0.018987
-0.025551 0.018054
-0.012830 0.021545
-0.009766 0.030312
-0.016482 0.035111
-0.025477 0.038427
-0.030857 0.036522
-0.032162 0.036271
-0.035440 0.039121
-0.040023 0.041719
-0.042009 0.047601
-0.043314 0.047350
-0.046592 0.050200
-0.045446 0.049550
-0.039374 0.042540
-0.030030 0.034071
-0.015618 0.024315
-0.006593 0.014044
-0.006593 0.014044
-0.015287 0.023334
-0.030036 0.035462
-0.038878 0.041069
-0.038878 0.041069
-0.033149 0.037821
-0.026255 0.029751
-0.015116 0.021453
-0.011832 0.017213
-0.005282 0.012905
-0.002647 0.007843
-0.002304 0.004081
-0.008977 -0.000857
-0.009473 0.000614
-0.010796 0.004536
-0.010012 0.011821
-0.009699 0.015013
-0.005300 0.017077
0.000564 0.020293
0.004002 0.018344
0.006477 0.012382
0.001263 0.009987
-0.006581 0.011263
-0.012132 0.011239
-0.023235 0.011191
-0.029460 0.015910
-0.037953 0.016365
-0.041538 0.014631
-0.040876 0.012670
-0.034350 0.013925
-0.026207 0.018624
-0.016268 0.023494
-0.015643 0.029878
-0.020085 0.037550
-0.025330 0.042109
-0.034466 0.040352
-0.079730 0.011113
-0.080049 0.009312
-0.066360 0.015425
-0.056924 0.023156
-0.043075 0.030170
-0.028418 0.038905
-0.017836 0.045987
-0.015562 0.048860
-0.025636 0.037526
-0.030857 0.036522
-0.030857 0.036522
-0.036078 0.035518
-0.036078 0.035518
-0.039999 0.036156
-0.039999 0.036156
-0.043909 0.034012
-0.053192 0.028572
-0.055637 0.027580
-0.050416 0.028584
-0.046495 0.027946
-0.042573 0.027308
-0.035391 0.027994
-0.035392 0.027994
-0.031151 0.029157
-0.035759 0.037319
-0.035440 0.039121
-0.038718 0.041970
-0.040023 0.041719
-0.042009 0.047601
-0.042009 0.047601
-0.046592 0.050200
-0.048559 0.051910
-0.057401 0.057517
-0.059043 0.059637
-0.006476 0.024681
-0.019528 0.022171
-0.032083 0.018190
-0.026850 0.016412
-0.013137 0.016962
-0.007450 0.023450
-0.015318 0.030289
-0.028884 0.033421
-0.026917 0.031712
-0.029877 0.036363
-0.032499 0.038642
-0.038718 0.041970
-0.042009 0.047601
-0.046592 0.050200
-0.049557 0.056242
-0.049551 0.054851
-0.045759 0.046358
-0.034294 0.038471
-0.015471 0.027997
-0.006292 0.020018
-0.006458 0.020509
-0.015630 0.027096
-0.034460 0.038961
-0.043308 0.045960
-0.040526 0.044581
-0.033149 0.037821
-0.023474 0.028372
-0.015435 0.019652
-0.008051 0.011502
-0.005275 0.011514
-0.007396 0.010932
-0.007726 0.011912
-0.009332 0.005687
-0.012120 0.008457
-0.015906 0.015559
-0.017561 0.020461
-0.015116 0.021453
-0.009234 0.020497
-0.004313 0.015527
0.003052 0.011549
0.003064 0.008768
-0.000361 0.007935
-0.006581 0.011263
-0.009516 0.010350
-0.023094 0.016265
-0.029460 0.015910
-0.035680 0.019238
-0.038946 0.019306
-0.038786 0.020206
-0.034381 0.020880
-0.025900 0.023207
-0.020367 0.027403
-0.019730 0.031006
-0.021059 0.036319
-0.027107 0.037765
-0.034442 0.034789
-0.060815 0.016839
-0.061954 0.016098
-0.055110 0.019155
-0.046488 0.026555
-0.039160 0.030923
-0.031353 0.037993
-0.024349 0.041950
-0.024355 0.043341
-0.026923 0.033103
-0.030833 0.030959
-0.030833 0.030959
-0.034754 0.031596
-0.034754 0.031596
-0.039975 0.030592
-0.039975 0.030592
-0.043896 0.031230
-0.053026 0.028082
-0.055637 0.027580
-0.050416 0.028584
-0.046494 0.027946
-0.042573 0.027308
-0.035391 0.027994
-0.035391 0.027994
-0.031151 0.029157
-0.035122 0.040922
-0.040023 0.041719
-0.040023 0.041719
-0.042009 0.047601
-0.042009 0.047601
-0.046592 0.050200
-0.046592 0.050200
-0.050538 0.056401
-0.057719 0.055716
-0.059680 0.056035
-0.006519 0.034417
-0.019877 0.027324
-0.027843 0.019353
-0.023082 0.013483
-0.007077 0.012733
-0.003174 0.016268
-0.015110 0.020062
-0.028854 0.026467
-0.025759 0.028280
-0.026911 0.030321
-0.030857 0.036522
-0.037566 0.039930
-0.041518 0.047522
-0.047572 0.050359
-0.050538 0.056401
-0.055280 0.058099
-0.048718 0.051009
-0.037248 0.041731
-0.015489 0.032170
-0.006298 0.021409
-0.006298 0.021409
-0.016788 0.030528
-0.036758 0.041651
-0.046911 0.048399
-0.039864 0.042620
-0.031010 0.034230
-0.019865 0.024542
-0.011826 0.015822
-0.005275 0.011514
-0.009687 0.012231
-0.011832 0.017213
-0.012830 0.021545
-0.013462 0.016551
-0.015435 0.019652
-0.023627 0.026080
-0.025600 0.029181
-0.023804 0.029352
-0.015447 0.022434
-0.008388 0.013873
-0.001507 0.008584
-0.000999 0.004332
-0.004259 0.003009
-0.008364 0.008310
-0.014093 0.011558
-0.021299 0.016436
-0.027028 0.019684
-0.031109 0.019421
-0.033088 0.023913
-0.032132 0.029317
-0.027885 0.029089
-0.024301 0.030823
-0.019730 0.031006
-0.019730 0.031006
-0.024466 0.031313
-0.030833 0.030959
-0.033939 0.031927
-0.035698 0.023411
-0.036844 0.024060
-0.035385 0.026603
-0.036219 0.030445
-0.034754 0.031596
-0.036078 0.035518
-0.034778 0.037160
-0.034619 0.038060
-0.027897 0.031871
-0.030833 0.030959
-0.030833 0.030959
-0.034754 0.031596
-0.034754 0.031596
-0.039975 0.030592
-0.039975 0.030592
-0.043896 0.031230
-0.053039 0.030863
-0.054999 0.031182
-0.051078 0.030545
-0.045857 0.031549
-0.041936 0.030911
-0.034754 0.031596
-0.034754 0.031596
-0.032150 0.033489
-0.037732 0.040420
-0.040023 0.041719
-0.042009 0.047601
-0.042009 0.047601
-0.046592 0.050200
-0.046592 0.050200
-0.050538 0.056401
-0.050538 0.056401
-0.055734 0.049834
-0.055734 0.049834
-0.010293 0.038737
-0.018915 0.031337
-0.025238 0.021246
-0.018676 0.014156
-0.006574 0.009872
-0.002175 0.011936
-0.015110 0.020062
-0.028351 0.023606
-0.024779 0.028121
-0.026096 0.030652
-0.029877 0.036363
-0.035440 0.039121
-0.041028 0.047442
-0.048571 0.054691
-0.053160 0.058681
-0.055121 0.059000
-0.050850 0.053209
-0.037738 0.041811
-0.016794 0.031919
-0.002064 0.023964
-0.002058 0.022573
-0.016788 0.030528
-0.036102 0.041081
-0.048871 0.048717
-0.037891 0.039519
-0.027083 0.032202
-0.017561 0.020461
-0.010177 0.012311
-0.006250 0.010282
-0.011826 0.015822
-0.021329 0.023390
-0.022646 0.025921
-0.017083 0.023163
-0.019723 0.029615
-0.025287 0.032373
-0.028896 0.036203
-0.027089 0.033593
-0.021825 0.024861
-0.011826 0.015822
-0.007383 0.008150
-0.006066 0.005619
-0.006556 0.005699
-0.009344 0.008469
-0.013112 0.011398
-0.017040 0.013427
-0.025551 0.018054
-0.029810 0.021063
-0.031942 0.023263
-0.033461 0.034629
-0.031176 0.034721
-0.025293 0.033764
-0.019742 0.033788
-0.022009 0.029524
-0.025281 0.030982
-0.031151 0.029157
-0.035073 0.029795
-0.024295 0.029432
-0.022671 0.031484
-0.025281 0.030982
-0.027891 0.030480
-0.030833 0.030959
-0.035079 0.031186
-0.039160 0.030923
-0.040471 0.032063
-0.030667 0.030468
-0.033112 0.029476
-0.033112 0.029476
-0.035073 0.029795
-0.035073 0.029795
-0.039478 0.029122
-0.039313 0.028631
-0.044374 0.028528
-0.054184 0.031513
-0.055018 0.035355
-0.053063 0.036427
-0.051102 0.036108
-0.048486 0.035219
-0.040967 0.033533
-0.037058 0.035677
-0.032493 0.037251
-0.037572 0.041321
-0.040023 0.041719
-0.042009 0.047601
-0.042339 0.048582
-0.046592 0.050200
-0.050526 0.053619
-0.050526 0.053619
-0.050526 0.053619
-0.053271 0.046653
-0.053099 0.044772
-0.008602 0.025490
-0.009889 0.021067
-0.011341 0.017133
-0.011176 0.016643
-0.013149 0.019743
-0.013345 0.027188
-0.019098 0.036000
-0.022223 0.041141
-0.017763 0.029296
-0.021188 0.028464
-0.025955 0.035725
-0.032174 0.039053
-0.040048 0.047283
-0.046616 0.055763
-0.051200 0.058362
-0.052842 0.060482
-0.044447 0.045218
-0.034460 0.038961
-0.020060 0.031987
-0.008112 0.025410
-0.004999 0.023051
-0.012352 0.024247
-0.025275 0.029591
-0.032315 0.033979
-0.034454 0.037570
-0.025606 0.030572
-0.015747 0.016460
-0.011470 0.009278
-0.012769 0.007636
-0.022775 0.018066
-0.035398 0.029384
-0.039668 0.035175
-0.027052 0.025248
-0.024270 0.023869
-0.017744 0.025124
-0.014497 0.029229
-0.013351 0.028579
-0.017928 0.029787
-0.021206 0.032636
-0.022830 0.030584
-0.012193 0.025148
-0.008578 0.019927
-0.002016 0.012837
-0.004608 0.008162
-0.013903 0.005504
-0.030576 0.009605
-0.047249 0.013707
-0.059350 0.017991
-0.074246 0.026436
-0.068688 0.025069
-0.059038 0.021183
-0.043021 0.017652
-0.029810 0.021063
-0.022168 0.028623
-0.016807 0.034700
-0.020244 0.036649
-0.041451 0.032222
-0.039650 0.031003
-0.032793 0.031277
-0.026911 0.030321
-0.021690 0.031325
-0.022505 0.030994
-0.026261 0.031142
-0.030833 0.030959
-0.040483 0.034844
-0.041310 0.037295
-0.039693 0.040739
-0.039693 0.040739
-0.039527 0.040249
-0.039828 0.034275
-0.039472 0.027731
-0.042052 0.020274
-0.058370 0.017832
-0.055312 0.027990
-0.059282 0.039755
-0.071519 0.037575
-0.081433 0.027142
-0.073578 0.023085
-0.048639 0.032928
-0.028939 0.045939
-0.037744 0.043202
-0.040023 0.041719
-0.040023 0.041719
-0.041984 0.042038
-0.046568 0.044636
-0.046568 0.044636
-0.051139 0.044453
-0.050967 0.042572
-0.044417 0.038264
-0.044252 0.037774
-0.007941 0.023529
-0.008578 0.019927
-0.009215 0.016324
-0.011176 0.016643
-0.015441 0.021043
-0.015477 0.029388
-0.020416 0.038530
-0.019790 0.044915
-0.015477 0.029388
-0.020367 0.027403
-0.025955 0.035725
-0.030869 0.039304
-0.039067 0.047123
-0.044655 0.055445
-0.051200 0.058362
-0.052842 0.060482
-0.044607 0.044318
-0.033149 0.037821
-0.020060 0.031987
-0.009583 0.025650
-0.006298 0.021409
-0.011531 0.023187
-0.023308 0.027882
-0.028872 0.030640
-0.030042 0.036853
-0.023467 0.026981
-0.011660 0.015332
-0.006734 0.008971
-0.008364 0.008310
-0.018688 0.016938
-0.030490 0.027196
-0.040489 0.036235
-0.025563 0.020836
-0.022959 0.022729
-0.015122 0.022844
-0.011225 0.027770
-0.011225 0.027770
-0.014993 0.030699
-0.021690 0.031325
-0.024803 0.033684
-0.013351 0.028579
-0.008259 0.021728
-0.000061 0.013909
-0.002647 0.007843
-0.012096 0.002894
-0.031385 0.007884
-0.050993 0.011072
-0.061801 0.018390
-0.067708 0.024910
-0.060839 0.022403
-0.053315 0.019326
-0.042524 0.016181
-0.032414 0.019170
-0.023308 0.027882
-0.016813 0.036091
-0.018124 0.037231
-0.046029 0.033430
-0.041936 0.030911
-0.034754 0.031596
-0.026911 0.030321
-0.019730 0.031006
-0.019730 0.031006
-0.023651 0.031644
-0.028872 0.030640
-0.040980 0.036315
-0.042622 0.038435
-0.041984 0.042038
-0.040023 0.041719
-0.039693 0.040739
-0.039668 0.035175
-0.035061 0.027013
-0.038946 0.019306
-0.059179 0.016110
-0.056286 0.026759
-0.057328 0.040827
-0.071029 0.037495
-0.083713 0.025659
-0.078468 0.021100
-0.052064 0.032095
-0.028945 0.047330
-0.038075 0.044182
-0.040023 0.041719
-0.040023 0.041719
-0.041984 0.042038
-0.045906 0.042676
-0.045906 0.042676
-0.051126 0.041672
-0.050796 0.040691
-0.042291 0.037455
-0.041960 0.036474
